# aperflux run Sat Jun 20 14:07:10 2020, aper=1.00, sigclip=5.0
# x y flux
3200	2155	15.427103
4234	140	14.571160
4964	5628	-20.101550
3936	5635	3.604494
1606	4810	-0.868459
1914	5161	-4.198986
3341	5175	-9.669834
4653	4847	-7.639582
4373	5649	-23.906737
3245	915	9.100902
2717	910	23.886499
2845	6747	2.164467
3894	2256	6.921641
3374	4689	6.206546
4076	1541	0.909228
5136	1968	-7.797839
3545	5224	-2.448310
4282	3826	0.733140
4012	1596	6.108974
3023	2299	-4.265146
4877	4701	-6.184779
4326	4832	1.350527
4778	3073	-11.811100
4187	3953	12.594097
3623	5242	-0.784645
3916	1917	-1.619501
5061	6088	-11.562918
2978	1650	-6.493804
2122	4841	-4.065117
4076	4011	-13.049628
3166	4076	-0.656925
3282	6519	5.993149
3683	984	15.256761
2792	4864	30.956090
4401	772	-6.649399
3769	3277	1.294535
3638	6247	-14.792647
4377	5915	-1.086926
3658	5235	9.472516
3962	3541	11.308569
3412	6459	18.177412
3589	5717	14.146106
4704	878	5.547402
4528	6022	-1.672550
3909	1954	-0.050593
4434	3765	-3.284665
4605	4783	-10.157723
2624	3739	-10.893534
4987	1581	-10.423594
4572	3553	-1.024158
1815	4472	7.161498
3567	4803	6.108251
4383	2402	-20.609491
4869	3887	-0.415828
4181	4468	-0.951974
3288	2386	20.491974
5141	5555	-12.977251
3167	7135	-2.198483
2047	4478	7.220589
3911	1771	-12.882778
4701	2823	8.741865
3184	7112	-3.951611
4068	3261	-14.541796
4795	1805	11.953932
2792	2709	-13.818831
3022	4249	0.502496
5015	2625	3.876485
2885	1532	19.936965
4528	1295	-6.415128
4255	4390	-12.269008
3066	4756	11.235242
3838	2505	2.690125
3714	3440	-13.398892
5189	93	14.218844
5244	5038	-4.352945
4400	4174	7.571762
3805	66	-0.740938
4595	2354	-10.220699
4016	1545	28.128948
2595	6115	-7.475459
3935	3942	5.479054
4129	2078	-6.222458
3803	2178	37.582562
3662	4197	-14.633261
4947	3265	1.881435
4384	5003	7.953931
4087	3314	2.083086
2899	6627	-13.819948
2522	4615	2.565144
4719	4001	7.880655
1888	4534	1.301200
2725	1776	-5.977994
2586	4639	1.485433
3634	2086	5.943334
3823	1816	-8.489825
3471	5624	4.711594
2941	3346	10.741019
5155	2951	-13.366617
4678	143	13.610101
3695	4416	-6.367669
3920	3118	-14.318647
3374	6972	5.983761
5185	2773	-5.514062
5270	1364	4.505961
1975	4765	-0.423869
4412	3826	3.207302
4282	2002	6.483044
3026	3098	-12.892258
4436	2895	0.788892
3777	5345	3.385464
4985	2376	2.027303
4223	4673	-17.002985
2734	1510	1.805072
1572	4429	11.679936
2789	3260	-9.567105
5317	4268	-2.135082
5382	3828	2.978096
2715	4334	-4.411253
5273	2704	-6.652538
4037	2870	-3.989281
2976	5045	-5.348433
2762	4941	-18.809046
3785	3189	4.198297
1735	3954	27.076234
3042	2180	-14.137590
3588	2319	0.238125
3825	2839	-2.744866
3626	4096	-0.209700
4164	4655	-17.407493
3863	4900	27.419985
4818	300	-11.251172
4725	5162	0.896843
4121	2643	-10.790463
4687	3487	-9.086532
3063	2575	15.519662
3684	3418	-3.892191
3093	6817	-18.165925
1933	4550	8.269286
3767	2771	-25.021942
4139	2359	8.403139
4650	6138	-8.478079
3666	777	4.009257
2701	3033	-0.612878
3847	5502	-17.005444
3922	552	-14.095937
3783	1935	3.333114
2158	4474	-7.604804
3342	2130	0.019743
5321	3255	-3.188137
5347	4769	8.515013
3450	6116	-9.088174
3444	1217	-3.730530
3896	192	4.989611
5420	3712	-5.861446
3679	6217	-13.922768
4216	5632	-17.210209
2699	6315	0.174684
4538	4127	8.127340
5006	1099	-19.573798
2667	4793	-11.471186
5222	4393	9.832608
3785	1512	2.090919
3012	6104	-3.660531
4844	136	-9.698441
3717	2252	-10.607971
3893	4421	-3.161024
4305	1085	-4.955959
2982	1347	7.752347
4722	2024	-6.150998
5183	5914	3.099885
4919	2856	-20.229947
2476	6418	-5.575052
3185	2971	4.417438
3175	3793	15.739884
4814	5999	-4.210645
4767	4094	6.191666
4711	4344	-7.076661
3643	3591	5.884879
2811	814	21.800726
5367	6005	-2.702857
4025	626	-11.861299
3842	4179	2.088581
4862	3571	-10.197646
2605	5256	0.217758
2708	4371	0.693103
3171	4622	2.196425
3290	3343	-1.533735
5349	3607	-10.027961
4718	4791	-8.464048
3138	4719	5.144223
5022	2633	-8.739112
3561	6297	-5.700653
4936	5871	13.154277
4011	747	-11.796733
1862	4869	-1.459363
2708	1365	-6.423870
4675	739	-2.627219
3208	4284	-1.189106
3253	4490	-7.656456
3647	5580	0.628861
1814	4360	0.444178
4446	1138	-9.674637
1937	4892	-3.928693
2744	1425	-9.627946
3467	3211	6.545058
4283	2526	-13.643870
2200	4742	2.008909
3644	5226	-10.157698
3758	2359	-16.151989
5057	4680	-6.659316
3364	4247	1.701596
3047	1966	-3.910748
4834	5786	9.941557
4760	5520	4.730311
3673	4479	-1.118247
4006	4839	0.564528
2254	4420	6.095718
3488	3296	-7.489212
4064	5389	-5.128928
4500	1104	8.179884
4941	2438	-7.749345
5276	1818	1.812357
1913	4546	-8.881288
4494	3807	-0.060042
4574	4523	-2.658651
3662	3249	1.889378
2621	6635	6.113897
3772	592	-3.649854
3715	4097	4.027322
4870	5452	-17.510097
3698	4542	-14.575258
3164	1728	-13.142407
4049	1252	-1.531020
3328	7191	-3.015421
3774	4271	-21.451718
4188	380	2.940448
4171	3672	14.314814
2858	7005	-17.289825
5265	3054	-16.133944
4099	2457	-7.091545
4367	4452	0.159537
2684	3492	-10.010138
3734	4336	4.019323
3882	4963	4.419923
4338	3725	8.105566
4490	1666	-3.012234
5020	5565	-6.483290
3371	4369	4.961875
5448	4918	3.598103
4089	3465	3.888271
3143	7107	-6.833274
2667	1190	17.859582
4859	1922	-14.814607
5030	5674	-7.018342
2760	1449	-2.916295
4670	3996	1.606431
2975	4216	-0.613668
3953	5948	9.830851
4080	2455	-8.507060
4607	16	24.570921
4044	909	3.346882
5378	2796	-4.033121
3452	1011	-10.508068
5423	2389	23.727830
3099	5155	4.127164
4462	3967	-5.844535
4951	2905	-9.033563
3260	5001	-16.779512
2895	5434	20.268691
3640	3181	-20.482832
4223	1733	-0.275698
4614	4844	-6.031888
3854	793	-5.747917
4274	535	14.415511
1624	4757	5.128451
3888	3229	1.043503
4228	5111	4.136463
4750	3764	6.532622
4496	3576	-7.383021
3578	3866	-15.650575
4344	2638	5.790490
3154	1433	14.251930
4034	1444	14.360207
5143	2618	1.906455
4448	6079	-1.490589
1737	5006	16.758745
2969	5515	11.409492
2630	2328	0.641526
5045	6031	11.075390
3044	4116	-5.853955
5056	2334	4.208397
3508	2586	-1.287238
4707	5342	15.546078
3706	2844	2.183711
2830	5748	-3.633800
4071	1936	-13.939490
4417	4221	-8.657793
4712	5088	6.441251
3146	2458	18.527652
4037	2137	-16.477867
5156	4961	-16.804734
4557	6119	1.281828
2879	3094	4.525449
5301	1259	-4.337594
3314	3140	-16.649473
2159	4190	1.505920
2545	4372	13.975555
4028	4116	-2.791002
4278	1555	-0.363085
4289	5778	11.228760
4557	3414	6.636596
4149	2548	-2.246018
3866	4624	1.374637
5136	3720	-5.001001
3234	1305	2.843586
3313	5770	-19.630953
4368	1186	-14.262358
3253	1687	-0.943014
4154	1191	0.357560
2319	4832	-1.649142
4332	726	-5.523785
3524	1548	-2.589159
3994	2331	-17.521687
3826	3340	-3.003798
3575	4390	-6.496673
5174	2154	-4.376919
4461	6150	6.335616
3460	3515	-4.914111
4520	5054	-3.132987
3213	6193	5.416108
4005	5263	-1.648926
5088	1224	5.322126
3126	4738	-3.907819
5071	5354	-11.250316
2593	2226	-16.490252
4937	774	0.586942
4017	5779	-9.117548
3780	2530	11.445058
4754	743	0.602353
4811	637	18.668640
2345	4999	-7.233541
4690	4434	-2.914819
5371	1623	-6.145522
5170	6149	3.016710
2816	4118	2.999068
2900	6954	-13.507130
2929	1855	7.464250
3460	5380	-17.330175
2997	6928	10.255959
4746	2060	-6.947105
5402	5324	7.019816
2512	6509	6.120335
4997	5852	15.032552
2677	1761	0.525690
3339	2393	16.857417
5342	4689	-3.162477
4595	247	5.357710
3273	746	8.867224
2826	5394	2.653998
2665	3117	5.436754
3898	4777	10.655688
4106	5336	-15.557052
4225	2305	-0.080345
2430	4946	-6.646206
3582	5929	-4.583129
4273	758	-8.840705
4413	885	12.381386
4348	4141	9.714191
4719	4703	-6.294612
4587	2971	8.733141
5451	3621	-5.859305
5134	219	0.504548
3323	831	-1.867583
3578	1023	-18.658685
5139	4326	-7.919099
3059	1690	-6.835414
2884	2797	-5.023053
3469	1289	-11.113553
3232	1345	5.158631
4155	5927	-13.324174
4014	4954	13.391281
2902	6229	13.632199
3453	3887	11.853912
4660	3008	21.345929
3137	3278	-14.106890
4230	3657	21.029176
3488	6130	18.790860
1563	4502	23.495347
4353	3783	13.198378
4226	2103	-11.868641
3013	6630	-4.755434
2876	5960	0.714379
3876	2826	-3.841454
3505	1742	-11.484228
3287	4301	-2.540739
3768	6136	-9.566691
4417	1850	1.444613
3301	6639	5.711407
2862	1376	1.237633
2517	4559	2.963489
4457	3432	1.274871
3653	5218	-8.241272
4527	637	-6.824497
5017	1813	-9.079201
3828	1604	-6.717150
3348	6272	21.679037
2541	4553	4.545767
2559	4525	-7.967933
2413	4873	-15.635969
1836	4206	-11.954777
5049	4489	-4.558881
4194	1620	-8.067015
5231	4111	-8.734694
2602	6081	8.861115
4533	3977	-3.179637
3315	4131	8.324150
5125	4509	-9.875767
3013	3564	-2.078977
1584	4630	-12.561040
4049	5035	-2.000410
5349	4560	-2.171984
4801	4668	23.458686
4933	1351	-14.597492
4789	5830	-14.198647
1822	4999	-3.570323
3216	6297	19.476956
5104	4670	-15.592490
4964	6100	15.492504
3993	2191	-14.243170
3113	1410	-4.653457
3629	4276	-6.361855
3590	3156	26.145241
2752	750	-28.804690
3493	5915	-5.186712
2925	4929	-14.581432
3177	4615	17.432031
5446	2634	-4.970085
4761	4167	7.144893
3659	2621	-11.066941
4859	2571	-7.620826
3049	4000	-1.947665
2846	2788	-14.279900
4015	961	0.903285
5376	5902	-0.553592
3134	882	13.332561
3105	6025	-5.522685
4868	1345	24.723556
2945	5901	2.838599
3905	4295	-0.875909
3215	6770	12.562952
2961	1736	-16.548109
3618	2504	12.580885
3735	722	22.552393
3350	3771	-4.518054
3879	5668	3.367779
1649	4887	0.284811
2890	1216	8.769195
1728	4982	-6.753308
5042	2383	13.031435
4221	132	-18.483537
3143	4396	-7.669801
2817	5835	23.838952
5067	5279	10.865809
4941	2307	-2.013715
3176	3169	7.741562
4532	1510	10.405849
3358	5861	9.074871
4792	1552	-11.130187
2078	3943	-4.441235
1796	4426	4.423641
4069	6010	8.233619
2666	2695	12.226412
4118	1260	-4.354899
4203	5977	11.487731
3032	1133	-12.188843
1789	4566	-4.826900
4077	4681	9.320244
1903	4644	-1.290350
4662	2843	-9.871059
4526	663	12.228605
2575	4224	11.791945
1641	5013	14.481221
4972	300	-4.574296
3048	3504	-12.089678
3092	3233	12.921253
4193	3419	-13.737368
1749	3959	-2.995977
4782	4558	-3.892292
4325	1914	-2.979618
2952	6932	-2.006393
2627	1351	-9.502331
4579	2516	-1.820713
3081	6576	-9.044916
5280	3529	16.159109
3279	4947	-4.601526
2772	6474	-3.799525
4377	4012	4.288718
1875	4807	6.317316
4167	2167	-4.362273
4225	3390	-17.809391
3882	4493	-9.661276
2200	5072	-25.022417
3521	1406	7.999660
3269	4326	-12.905057
5135	1894	1.778011
3037	7049	-12.706826
4173	155	-16.155501
5012	3705	-7.001861
2700	4999	1.735216
5016	5756	-14.491084
5265	3620	-12.988805
3411	1049	14.681788
4177	1620	0.595817
3577	5760	-2.163460
3097	6504	9.494734
4176	4553	16.344849
3106	3459	-1.540704
3885	3470	7.133632
2675	2297	-16.654813
4374	3545	0.185977
5409	2678	1.655045
4460	547	-1.878806
5389	4849	-6.764260
2654	2580	-4.758316
4924	780	6.761110
3970	2567	10.638126
1767	4484	10.757208
3317	5363	11.505743
3435	6653	-12.362514
3155	1850	5.632423
4196	3172	14.060769
1924	4539	-17.548960
3693	732	25.193873
2894	2136	-10.565395
3429	3670	-1.360972
3741	3977	-4.714171
3268	993	-13.197788
5022	2612	-7.800948
3800	3874	1.810646
2915	4205	6.193086
5057	1577	-7.235417
2449	4247	2.660625
2164	4133	-14.817064
3575	2654	3.004389
2713	2959	-11.258313
5442	5943	-13.620222
5212	4752	-0.968072
3784	6125	-31.920682
3531	5680	5.346340
3054	5019	7.293153
3918	1407	-6.243076
4641	4559	9.385355
4944	1441	8.886404
2950	4411	-4.761011
1595	4583	-2.479560
2587	1387	-12.575805
3995	1885	13.507801
4599	5997	-2.905779
4197	5834	-8.896292
5434	3773	-2.366013
5293	3522	-2.169744
1903	4083	-16.807389
3771	3509	-12.509769
4449	5037	18.101505
2699	4560	-6.730388
2860	6987	-1.944885
4071	2357	7.429126
4751	5774	-4.024368
5405	6078	-3.197971
1733	4994	-2.865178
1952	5221	31.371380
2689	3087	-4.587297
5119	2501	4.166971
3391	6205	-5.810696
4646	3840	-7.029855
2995	855	14.614540
3063	6973	-2.647815
5304	4728	-13.478399
2932	1735	0.737662
4585	3234	-0.098299
2839	6867	7.046329
3630	3368	-18.901713
1638	4150	-4.637761
1611	5021	14.856791
4254	5803	0.334448
3931	3047	-10.699089
4120	5046	-6.128407
5131	4800	-6.140973
4883	932	-14.757099
2768	4910	8.393477
2242	3864	-11.321444
2747	990	2.945934
2819	3889	-16.666845
3824	2744	-10.454649
4711	4063	1.264404
2492	5210	-8.054445
2659	3565	-18.652913
4415	4038	-0.712954
2421	4482	-12.038923
3425	4448	-5.471937
2902	2487	-15.142229
2916	5237	5.848923
3317	5324	-1.964259
2555	6265	-18.427068
4451	4526	5.359009
4324	2661	-18.423874
4488	3057	0.725853
2659	4764	12.644824
4757	3110	-5.466159
4658	371	18.758577
3159	6792	-11.226446
3697	3490	9.470485
2857	4652	-8.261501
4782	3741	2.689725
4000	773	-5.506445
3143	2166	5.373420
3219	1065	6.345239
5355	3706	-12.057639
3666	3564	-8.574093
5025	5764	2.488864
3242	1298	1.735886
2872	6410	15.465744
5423	989	-17.866193
2756	2321	-11.108779
4128	3548	-13.310601
5030	2131	23.196042
3868	3614	-6.597087
3652	6251	-2.410461
3854	3066	1.196856
3232	985	14.716621
2377	4606	-2.582748
4313	523	2.597455
4128	388	3.423222
2583	2410	-5.920308
5332	5106	-8.403585
4197	3408	15.917584
2688	4846	19.961935
3152	4978	-3.629599
4898	4208	-12.788806
3284	848	2.087318
3009	5555	-6.396363
3417	5675	10.055777
3533	1085	15.720610
4419	4510	-9.936108
3033	1608	1.741495
3893	5098	1.416230
2714	2033	6.141975
2923	4543	-5.288697
4797	5605	10.446943
4171	707	12.170885
3223	5829	-7.669078
2129	4476	-3.967335
4833	3412	-2.550956
5237	5319	-2.114731
5032	5921	11.424717
2472	4314	20.638776
2901	2578	7.227725
3380	6439	17.066867
2849	1252	-7.902744
5274	3292	-8.058950
2996	6744	-11.927355
2877	5524	-4.443299
3097	2172	-13.595714
4201	2716	-12.251691
2676	1187	14.751523
4640	5823	-9.417892
3750	2546	4.792723
2053	4766	-6.676490
3725	3555	-16.719039
3317	6808	-17.899144
3040	5886	-34.090615
3901	1558	-6.612447
3454	3465	7.489961
3631	3788	-6.558709
4580	4841	-0.215266
3167	6148	0.196943
3862	2894	9.675261
3627	2762	11.916996
4607	3940	9.711872
4745	5298	-0.530401
4128	2988	9.008244
4369	5380	14.529258
5303	1740	-19.680129
3963	5681	2.370702
3589	4336	-3.794613
2820	1636	3.342848
3954	934	-2.566671
4661	5390	-7.416046
1724	4627	13.330273
3255	3530	10.662546
5220	4583	-7.798597
3861	164	-14.991925
2489	4195	-4.713627
5184	2710	-0.423026
2298	3896	7.912910
3426	6445	6.008422
5431	2313	43.025857
3501	6160	-7.907113
4505	301	11.099449
3238	4597	-18.951096
3080	6681	-3.127121
4925	3707	-4.832710
3733	6256	-19.745496
4722	438	-12.025173
3972	2667	-9.979680
3009	6522	12.712297
5228	5294	0.148247
4928	4358	-0.611448
5195	5890	7.349572
3888	4404	-25.943049
4994	61	3.324888
4334	4710	12.486897
3815	5113	10.662574
5403	1036	6.373516
2688	5279	-2.711239
5153	743	-9.641437
4245	3959	0.111291
4162	674	5.842787
4556	3335	-6.882578
5038	158	10.519235
4217	1502	-8.241708
3262	5353	-1.961979
2957	1332	0.254889
4203	5099	18.917076
2726	4506	-3.882197
3334	2619	-30.480411
3710	2371	9.988440
4441	753	5.183901
3787	2435	7.488117
4383	1965	0.578807
4346	4103	-11.649451
5399	5717	-0.914462
4347	254	-0.089134
5354	4670	8.659721
3800	4862	0.953268
2479	4447	-1.775172
4175	2786	-26.944199
1952	5227	23.264538
4057	4587	-2.578430
4390	1891	6.099013
2868	4421	-15.479281
2972	6984	-1.774191
3245	7166	3.399653
3839	4699	-0.039497
1715	5201	-8.217481
4285	3743	6.138602
4150	4567	-5.391355
3955	3501	-5.742360
2143	4816	15.479265
3868	534	-7.897292
5391	2441	2.672666
4553	4264	-7.391677
3966	1010	-2.622739
4950	2789	9.012497
3649	1692	12.202178
4501	5733	-1.350001
3234	2776	0.855624
4348	1006	-2.193491
4170	3794	-1.400101
5091	867	7.083422
3872	2247	6.721804
5442	5312	21.745580
4020	4258	-9.783555
5122	1822	-10.711288
2618	2831	-4.050033
5288	2144	25.596800
4176	1342	-4.657576
2743	4912	11.642215
3104	2058	6.450451
3119	5604	14.326362
2570	6191	11.159733
3670	4977	4.795352
4600	1516	9.427533
5339	5847	-8.272241
3462	4440	5.249290
4245	75	-3.090350
4663	4342	-0.977697
4499	4729	19.794284
2936	2500	-12.830807
4090	2930	-5.742282
3696	2280	-4.596027
3235	1689	2.900410
5350	1767	0.331162
5187	1530	31.838171
3144	1704	-11.830744
4656	2481	11.012932
4863	4368	11.983714
4476	2901	0.477422
4851	6097	-1.125238
1645	3886	-18.901897
4020	5147	-4.114457
4473	3706	-3.817785
3200	5985	-13.816343
4795	748	-24.007744
2742	1911	12.895321
1859	4635	-9.283005
3232	5951	-11.401354
4305	4131	2.272549
5002	5963	-6.289871
1520	4776	-14.935943
4082	4298	-1.590411
5090	998	-10.595458
4977	1272	-1.008807
3358	3527	10.312691
2188	4504	4.242693
4952	5133	-13.289674
4957	5106	19.203084
3350	5375	-14.476795
2698	6395	-0.799634
4026	2830	16.115025
3059	2790	3.373110
3007	4118	-4.122896
3503	2322	4.728852
4231	6125	8.330213
2169	3974	-7.874823
3622	2617	11.241990
4156	5097	-5.156363
4844	1166	-2.624565
3311	3924	8.638363
4141	1948	-2.227386
2881	5262	-10.613439
2798	2935	4.334364
3466	5335	2.974399
3558	5451	-4.727328
5464	4397	-19.944842
3304	6979	-15.200442
2854	6751	18.449799
3776	4077	-1.468902
5245	5247	5.029630
3625	2756	6.455554
5186	2698	8.854551
3331	4650	-1.196675
4897	1607	4.277279
4361	2888	11.805969
3990	377	0.251876
2351	4977	-12.718597
3063	2789	-5.729303
5419	2401	-1.272409
4408	1665	-2.781996
4756	3923	4.816629
3674	1779	-2.999931
4601	2281	-7.302544
3622	3044	5.261708
4715	5814	-7.821026
3320	6191	35.690674
3715	5445	-21.833490
2787	4388	-10.849401
3028	2381	6.996254
4085	2800	-9.270635
2930	3659	-22.791843
4739	2354	2.129216
3079	4391	-1.577932
3678	4994	0.967308
4397	1904	-14.761599
5179	1094	-2.188592
3259	4159	-3.021125
5008	1317	-12.655439
4226	2895	1.297675
2956	1465	15.180146
2796	1213	16.521915
3508	5834	-4.183186
3232	4099	-10.599217
3138	2962	31.196576
3163	6875	6.094821
4138	5373	-12.020906
3038	1235	-11.490616
2663	2439	-11.049141
3639	3458	21.365773
4985	340	-18.818340
5359	3057	3.630249
2709	2197	-20.005987
2963	1211	-10.068124
4602	4222	3.688890
3738	6156	9.413977
3209	6394	-8.056408
3990	3738	-19.345508
3967	401	2.350559
5250	4253	10.750255
4657	4576	-11.445704
2973	6355	23.119383
4471	573	3.968617
2477	6180	5.504855
2719	3723	-18.471840
2374	4841	-3.386730
2123	3933	-7.537450
3042	7061	17.747194
3579	2806	-11.479705
3221	2700	16.723030
2049	4494	16.866364
5038	4982	-12.319068
4337	5263	-11.285984
3617	1380	1.469940
5095	2519	15.709819
4268	5637	4.092807
2339	6690	-21.705326
3702	2585	4.889887
2111	4880	-16.856569
4001	2166	2.145467
3484	978	19.022586
2286	4148	1.177798
4966	4020	-16.919990
2869	1473	4.171978
4849	4555	2.906464
3482	3664	9.918361
4429	3090	2.889493
2824	3391	-3.889458
2713	2023	-13.293526
2988	6626	15.381446
2990	3528	-3.626030
4070	5805	-7.963200
3807	5763	7.824216
4954	26	-3.962830
1867	5002	-5.055284
5059	3043	10.575105
3094	2330	9.710635
5387	1161	-11.173044
3993	5265	0.086969
3388	2476	-4.845637
5033	2501	-1.339711
5444	5257	7.859467
3565	2195	-3.259433
2867	5162	-0.868539
5261	1939	-2.804028
3602	4238	14.191944
1827	4335	-10.246935
3219	2640	-21.869722
3212	2709	2.882136
3247	4333	-12.809607
4363	3633	-5.423783
4366	307	5.614312
3849	5428	1.112780
3942	4104	-3.884999
3160	3419	-10.679773
1675	5255	-23.392537
4848	1935	11.780462
5436	3549	20.404210
2904	2710	-6.505679
4570	3881	-1.222251
3446	4460	-4.527939
4442	1149	10.196245
4503	2199	5.595952
3715	6159	-17.529756
2661	868	1.908257
2277	4361	1.715078
5430	3668	-1.845402
4224	1475	-3.017478
1864	4916	-4.229854
5079	894	-3.100018
4366	287	-2.876258
3140	1153	-3.168555
4314	3745	0.011267
4013	4508	-5.800823
4164	1720	7.583611
4933	2361	10.156655
4051	6187	-11.285392
4555	1303	3.313568
4047	1604	-4.746184
4025	4460	1.042724
4194	3790	-8.170613
3647	1499	5.229402
3050	3760	-1.384819
2803	6020	-13.572426
3317	747	-3.850508
3881	490	-4.994686
2813	1588	11.562017
5024	4028	17.669442
3803	5632	-2.632664
4691	1712	-0.971895
4185	3386	-8.021736
1518	4597	-7.848144
4264	3759	-18.219371
4417	915	3.923948
2347	5013	14.905054
5383	2355	-3.755288
5285	3928	-2.724344
3392	4288	9.111734
3083	1356	10.594129
4848	3748	6.403182
2815	3892	-14.272543
4266	1238	-3.453396
5269	1400	-6.734505
4095	2806	-16.555938
5219	2536	-4.616239
5280	4786	7.494120
3201	1280	-1.656162
3437	4126	-15.789400
3821	5164	-9.457963
4596	2133	7.531465
4606	2554	1.469512
2685	2152	6.416259
5166	2411	-0.076861
3215	5528	-18.611736
2785	4932	2.644484
4184	838	-0.984210
2880	3161	-6.185452
3775	3215	8.385157
2755	4670	6.232464
4289	323	-8.533159
4643	5916	-17.305602
2986	4942	-0.084966
