# aperflux run Sat Jun 20 13:50:06 2020, aper=0.10, sigclip=5.0
# x y flux
5131	1496	0.277647
2857	6685	0.330056
3858	4677	0.758275
3149	2916	0.307357
4040	248	0.508342
4844	3039	0.423397
4809	3476	-0.622163
4703	1750	0.530029
3836	483	0.152542
5006	698	-1.679048
4418	2734	0.198812
3572	6330	-0.161103
3958	2358	-0.205668
3196	6145	0.251452
2597	5085	0.723037
4404	324	-0.467283
4670	4816	0.037269
1637	5191	-0.449890
3543	1580	-0.257378
3574	3777	-0.341326
4634	4288	1.342812
3323	1534	-0.166369
3126	6489	0.762262
1991	5105	0.066771
4038	4709	0.344402
3885	4375	0.140198
3445	3719	-0.631378
2655	6373	0.009547
5270	5649	0.423455
4760	2133	-1.002567
1808	5154	-0.202337
2619	1259	0.754463
4224	918	-1.283803
3726	3509	0.069635
3350	7011	0.025390
2002	4261	0.633921
1954	4700	0.497113
3544	3965	-0.818348
3710	3379	0.428745
2855	4914	0.370960
3628	3751	-1.034046
1718	5141	-0.013126
4740	5581	0.856938
5092	4871	-0.010599
3220	2532	-0.521777
2994	5971	-1.530705
3866	2355	-0.845081
3634	2666	-0.116949
3029	5913	-1.211888
3501	3153	-0.041105
5351	5386	0.043860
4128	6140	0.208137
4186	5053	-0.023615
3633	3536	0.710543
3851	262	-0.091572
1757	4985	-0.590538
3652	4606	-0.288317
4381	4870	0.286226
2901	3414	-0.738436
3659	2765	0.393900
2882	4230	-0.609669
3290	3525	-0.227350
1681	4145	0.560164
4648	349	-0.657985
4328	4093	-1.012442
5358	3252	-0.012384
2646	805	-0.304645
2829	1022	0.858828
3218	4207	0.166164
4745	1216	1.187739
5123	836	0.508874
4875	939	-0.374851
5400	3192	1.530638
5402	1545	-0.541380
4259	2421	-0.236889
4616	989	-0.002955
3852	4815	-0.701719
5241	4000	-0.286495
4056	2048	0.195154
4642	1044	-0.534826
5264	3239	1.716770
4645	3889	-0.588898
2678	3453	0.981374
4024	1020	-1.462554
4291	5467	-0.225685
4332	728	0.096243
2772	2855	-0.843986
4259	456	0.361770
3350	5936	-0.300672
5067	4191	0.486354
3852	794	0.100985
2759	3305	0.388370
4457	4085	-0.899168
4940	5091	1.375566
3884	3072	-1.376868
4199	707	0.461573
4513	3739	0.202646
2948	2457	-0.202734
2386	6382	-1.001172
3802	543	-0.862165
2937	5336	-0.307269
3785	4731	1.029091
4937	4251	-0.166436
3304	5251	1.106505
4431	5749	-0.031353
3592	1795	1.606961
3570	2175	-0.416034
4157	504	-0.747610
2794	5254	0.305276
4472	4784	0.813780
4412	4706	-0.186135
4430	498	0.535651
4577	4369	1.812523
3220	1316	1.038985
4696	478	0.907541
2897	4571	0.051077
4054	2007	-1.040369
4464	698	-0.225736
2905	4892	-1.299532
2985	5518	0.917359
2457	6740	0.124133
5395	3052	0.312301
5352	4391	1.540173
3392	4644	-0.590420
2787	1537	-0.279857
1740	5123	0.355612
2886	2138	1.191492
4842	3786	-0.388598
4195	725	-0.436948
4405	5151	0.144714
4468	895	0.571561
3236	4301	-0.024033
5094	2511	0.021308
1726	3890	0.134664
2718	2632	-0.439568
5388	5238	0.228380
2645	1688	0.031253
3109	7074	0.209213
4518	2248	-0.507152
4898	4365	-0.025806
1598	4135	0.043048
3804	2113	0.799072
2483	6292	0.110544
5200	3746	0.324183
3594	3652	0.259780
4679	6098	0.621564
3611	1446	0.625858
2987	3162	-0.030298
5453	1992	0.267016
4857	5771	-0.522239
4328	4271	-1.053951
3525	3466	0.192963
5253	1240	-0.283566
3500	5567	0.161546
4455	929	1.186449
2829	3960	0.642241
4784	155	-0.018319
4714	4038	0.313296
5060	5320	-0.728775
4157	2586	0.284104
4667	4016	0.034245
5461	1178	-0.372427
1978	4657	0.347521
5058	1793	-0.646677
2944	4084	0.242303
1840	4670	1.084510
4276	1266	0.401510
3867	2191	1.082873
5138	6035	0.486594
3363	6430	-0.425851
3233	1887	0.766031
2794	1193	-0.113167
2719	5949	0.331498
3795	3699	0.510220
3647	4002	0.262828
2572	1204	1.400602
4572	2619	0.249684
4930	1827	-0.338421
3144	2023	-0.461202
5411	1817	1.387248
5003	4460	-0.842509
3580	6071	0.322911
3217	3141	0.368116
4276	1403	0.752788
2241	3878	-0.509066
3365	6155	0.035183
3453	5096	0.623477
2392	6527	-0.020857
1618	4528	-0.339440
2817	1693	0.739420
4564	3808	-0.699722
2602	6293	-0.577640
3080	6569	-0.310882
5397	2311	-0.343503
2606	1199	0.097758
5335	4785	1.069095
3467	3229	-0.300795
5165	4013	0.499881
2916	5050	0.131282
2897	5827	-0.434723
4861	1977	0.004704
2992	2070	-0.896586
3159	6731	0.057603
4112	1712	2.113066
2767	1013	0.761895
3638	2702	0.339711
5033	5105	0.382839
2661	915	1.340501
4018	5351	0.445937
3037	3696	-0.122058
2882	911	-0.139612
5280	4149	0.474902
3850	1385	1.200353
4026	461	0.561282
3885	5587	0.086409
5176	197	-0.812546
3455	2513	-0.111538
3705	3125	-0.464695
4263	2187	-0.244346
4186	2134	0.655787
2826	3465	0.260321
2488	4960	0.154752
4117	3777	-0.689063
3688	3646	-1.178364
3154	2719	0.061591
2405	4086	0.116602
5454	4123	0.553830
2763	1689	-0.655801
3232	2341	0.097667
4265	5019	-1.007781
3407	6936	0.494659
5458	1607	0.813717
3516	4631	0.331594
1553	4567	0.102790
2902	780	0.099669
4109	3420	1.192930
3423	4481	0.661586
2425	6290	-0.567961
3304	6623	-0.577588
1929	4848	0.470857
4662	5276	-0.375753
3691	1437	1.185446
3333	5521	-0.400851
4511	69	0.291529
3242	1034	-0.609962
5023	983	-0.297414
3636	2808	-0.363600
4978	3217	0.154230
3454	2677	-0.792750
5190	1122	-0.326759
5106	5530	0.127880
3735	2792	-1.200362
4637	1795	-0.078815
2812	6857	-0.140805
4563	2810	0.452685
3338	1189	0.414718
3067	2268	0.979528
4494	4163	-0.237747
2706	4093	1.626062
3179	5233	-0.921336
2931	1132	-1.218618
2040	4702	0.082846
5156	160	0.417886
3391	3720	-0.358733
4236	1411	0.040101
3515	4762	-0.113822
2552	4362	-0.267552
4926	978	2.316005
3058	1979	-0.488226
3444	1783	0.439578
4218	5178	1.161365
3504	3108	0.094578
4979	3847	-0.046354
3378	5933	-0.002918
3523	1351	0.390383
2883	3941	-0.948187
4244	3423	-1.371235
3186	5651	0.225815
5380	3474	2.142885
2860	3330	0.395616
4473	6043	0.884673
3266	7039	-0.341021
4892	5981	0.117519
3196	5755	-0.287086
2501	6274	1.129587
3536	4382	0.183051
4013	6213	1.103820
3237	1188	0.168743
1914	4025	0.803281
2685	1414	-0.280079
5329	3917	0.331261
3581	4022	0.985462
3941	5505	0.238808
3294	5600	0.024205
4863	4535	0.067309
3751	2686	-0.909584
4921	3085	-0.128140
2988	6681	-0.471141
1731	4543	0.765373
2901	5671	-0.434021
5004	700	-0.592419
3196	4614	-0.273704
3369	6063	0.782362
4252	4266	-0.274423
4506	3266	0.592510
4756	5232	-0.203389
3433	3756	1.090814
2895	769	-1.029387
5141	5294	0.707774
2855	1740	-0.237389
5235	4855	-0.006356
3709	3072	-1.168335
1624	4586	0.957152
4597	3685	0.789175
2010	5031	-0.456378
1913	4630	-0.149696
3001	6174	1.211890
3318	3162	0.266305
4058	2894	-0.124678
5178	3615	-0.137064
3498	4715	-0.847441
2918	5540	0.314686
5324	957	0.929601
3023	5680	-1.179398
4536	830	-0.457902
4191	3265	0.455255
4306	1206	-0.613459
5421	4770	-0.283138
2665	1758	0.187173
2145	4871	-0.534209
4800	5007	0.166228
1781	4862	-0.696345
3165	791	1.396670
5325	4476	0.619853
2059	5201	0.176473
3399	5855	-1.296046
4934	4095	0.034767
4299	2437	-0.882827
2876	4048	0.161180
4536	6030	-0.041308
4657	312	0.163442
5402	6038	0.504777
2494	4642	0.278706
2931	3255	0.264619
3012	3998	0.445511
5317	4004	0.273978
3038	1514	-0.036584
2615	6065	0.312588
3068	4885	-0.594871
2876	5830	0.085725
3652	4080	0.714403
3931	5738	-1.198819
4987	5303	0.330928
5446	3419	-0.019424
5272	1961	0.229082
4664	1073	-0.482345
3553	3354	0.443887
2840	1707	-0.783193
3173	2023	-0.292763
2953	5483	-0.290460
5149	3380	-0.587043
5285	3666	0.424575
3753	3237	0.095685
2888	4188	-0.665148
4081	1690	0.126603
3442	4354	-0.564786
4227	528	-0.048763
3939	1958	0.580793
3826	3146	0.213208
3603	5032	0.291431
3748	5033	-0.288430
5456	4115	-1.305465
3673	3422	-0.081612
3577	5996	-0.331092
5409	3533	-0.210755
2951	4908	-0.470406
3690	6201	-0.781261
3310	2413	1.170134
3147	1488	-0.073602
3700	2091	0.800369
5324	2808	0.913427
4646	3089	-0.656955
4074	4256	0.615682
4335	129	-0.299747
4024	885	0.913910
5326	4692	0.491799
4297	2321	0.255541
3651	4474	1.340171
3140	4508	0.224848
5101	2679	1.049121
4455	855	-0.172351
3945	2331	0.593274
2826	857	0.793391
4666	5175	-1.716725
4643	2144	1.542225
4989	1965	-0.649882
2748	2580	-0.793344
2266	3957	0.046817
3361	2646	0.716702
4065	310	0.117382
3691	3203	0.542599
4616	3177	-0.347542
3674	6149	1.149803
4652	5618	0.198011
3360	4619	0.603109
5380	6062	0.155605
2658	4677	-0.207826
1516	4074	0.079520
5023	4371	-0.333296
5088	273	0.325025
4830	3179	0.008034
2566	4974	-0.863688
5021	1517	-0.920261
3908	169	0.065851
2781	1255	-0.476034
3799	5248	-1.110289
2860	5899	0.583673
2775	5476	0.407228
4729	2983	0.411567
4059	1762	-0.775620
3948	3624	-0.362303
4113	5980	-0.720421
4158	5782	-0.050488
4335	2515	1.124565
4488	586	1.210919
4342	5873	-0.574088
5320	5019	0.489843
5437	2917	0.192582
4454	3454	-0.298247
3504	1350	0.617408
1993	5134	-0.923348
5381	2597	-1.019428
3346	1065	0.916482
2852	3230	0.705065
1597	5090	0.346801
2268	4771	-0.469662
2459	6626	0.189517
3733	839	0.052626
3721	4097	0.611111
3784	4051	0.163052
4430	5507	-0.338913
5301	4147	-0.253523
3981	5286	0.909067
2710	852	0.034776
4786	1005	-0.014137
2195	4903	-0.080344
4587	5055	0.645933
3794	3844	-0.290783
2866	3837	-0.684172
3249	5128	-0.303232
2709	5503	-0.460762
4024	276	-0.529112
4190	1643	-0.472953
4499	1747	0.081019
5298	2304	1.639466
2893	6222	0.360979
2705	4106	1.441885
5175	4236	-0.826669
3907	2848	0.803430
4427	1011	0.267954
3210	4745	0.441672
3726	3893	-0.149332
4189	5433	-0.394201
5448	3152	0.091245
3132	2204	-0.823695
3444	1265	0.265772
3592	4590	0.797132
4584	3687	0.208275
4181	3240	-0.240103
4671	5422	-0.440971
3636	3766	-0.474534
3250	4210	0.426435
4029	2130	-1.285614
3858	4202	-0.965563
2257	4514	0.255359
2013	4784	0.367827
4693	1840	-0.718722
4977	3143	-1.811728
2938	2074	-0.394726
3311	1713	0.294764
3912	261	-1.106924
4408	2026	-0.167460
2739	1264	0.446737
4987	3697	-0.921072
4440	4242	0.234626
3661	1288	0.522431
4212	1457	0.023716
4576	5434	-0.884272
4274	1247	-0.030570
2759	4744	0.117742
1720	4943	-0.878622
2975	4132	0.077247
4995	3158	-0.968618
2586	4557	1.108984
5012	5618	-0.402515
3947	2627	-0.608824
3918	1714	-0.495481
3067	3578	0.682922
4437	5547	0.337269
3544	1243	-1.083600
4089	921	-0.951999
2859	4243	-0.681573
5355	2146	0.521507
4910	4271	-0.468346
5176	2893	0.000164
4901	3425	0.900008
4951	382	-1.081417
5006	3621	-0.553608
5464	1043	0.755361
2955	4607	1.068269
3415	3673	-0.278260
3614	1001	0.308468
3473	6740	0.125543
4417	2897	-0.979867
4447	4864	0.183665
4645	4571	-0.302149
2966	1940	-0.107997
5226	3232	0.331153
4504	5544	-0.852926
2547	4182	-0.181615
3013	5146	0.434018
3804	5098	0.672549
5107	5107	0.245232
5417	3500	-0.564422
5414	1002	-0.431215
3140	831	0.142830
5457	3391	0.398460
4859	2591	0.718194
1781	4781	0.344933
2808	5618	0.588444
1905	4205	0.061823
2892	1309	0.159683
2230	5186	-0.263724
4801	2489	1.571065
4529	2455	-0.767718
4610	2969	0.405985
4163	5375	1.200190
1875	4553	0.288010
4517	1078	0.812595
5468	5535	0.432054
4316	2323	-0.012065
2816	3624	0.352480
1959	5203	-0.381750
4428	5037	0.212616
4959	4241	-0.323170
3194	7151	-0.056673
2713	4640	0.013271
2819	2772	-0.469134
5020	1778	0.538392
5173	5949	-0.007399
3605	3702	-0.146354
1741	4075	-0.266226
4333	4798	0.486133
3359	977	-0.543324
2726	776	0.971842
3334	4415	0.769778
4531	2422	0.554746
3940	2118	0.389671
3068	1600	-0.049670
3693	4598	-0.154415
3412	6306	-0.509079
3585	3985	0.295098
3734	5493	-0.527666
3196	6670	-1.076143
2756	5367	-0.085864
4718	4497	0.182080
5044	1035	-0.524001
3911	2592	1.166733
5284	5537	-1.700871
3490	1746	-0.433488
3758	3489	-0.090675
2817	2391	0.727371
3135	2963	0.073616
4113	4296	0.505837
5015	5524	0.015489
4163	684	-0.208057
3112	3452	-0.404848
4062	1252	-1.164966
3072	5151	0.595988
5070	789	0.068801
4537	2210	0.545464
4338	2989	0.866091
5197	3041	-0.353623
3723	5858	0.405906
4230	4401	0.023949
4256	3197	0.660438
3832	6041	-0.808404
3076	4070	0.625416
4198	1961	-0.001432
2580	5866	-0.117461
3875	2411	-0.600507
3151	5421	-1.076896
4064	5897	0.089635
4756	6042	-0.014144
1949	4758	-1.646150
2686	3798	0.822256
4054	1076	0.045651
5292	5430	-0.616066
1529	3948	0.019877
4029	5681	-0.601745
4696	4965	-0.514205
2079	4059	-0.487894
3876	5481	-0.004353
3702	3412	0.748847
3354	5933	0.417975
2915	4727	-1.352742
4910	4497	0.835524
3399	3772	0.545754
2772	3023	-0.400332
4081	4867	1.306723
3234	6735	0.359718
4230	3592	-0.117800
2886	1950	0.164837
5403	1378	-0.620455
2990	4379	0.953092
1845	4070	-0.351647
4542	3192	-0.213448
3814	2847	0.441366
5263	3740	-0.390904
2818	3214	-0.938188
2579	6323	0.041461
5305	962	-0.403581
3448	2073	0.027108
3781	2715	-0.211899
4820	3143	-1.283054
5312	1184	-0.506519
2963	1418	0.315389
3815	5842	-0.774366
3700	4944	-0.563578
3976	4045	0.390937
3697	955	1.121046
3641	1476	-0.225047
4938	195	0.099629
2803	4733	-0.748970
3050	2238	0.167942
3616	5714	-0.124801
4589	3722	-1.031984
3936	1340	-0.787432
1691	4281	-0.169588
3744	4242	-0.153746
4686	4876	0.190924
4366	3272	-0.074041
1846	5008	-0.268631
5237	4334	0.586566
5416	5849	-0.778333
4827	2854	0.324214
3678	1108	0.598400
4502	5792	-0.997850
2302	4077	-0.856976
2776	3259	-0.495985
3570	3115	0.040452
2624	4614	-0.188856
2827	955	0.250849
1838	5256	0.090216
3713	1827	1.481737
3886	3853	0.127881
4644	3180	-0.109399
5203	3281	0.263106
3588	3236	-1.336739
2878	4492	0.150266
4420	2978	-1.359815
3825	813	1.586034
4354	5482	-1.015209
2591	1901	0.154268
4996	2791	-1.082147
2630	3585	0.011953
4322	6113	-0.702176
1689	4037	-1.386307
3680	3592	0.788040
4236	5445	0.647754
2772	5840	0.438969
3893	3195	0.058977
3340	5863	0.734071
2883	3642	-0.068718
4429	2468	0.794717
4003	4090	1.040738
5072	966	-0.172397
3597	1774	-0.004787
3124	2460	0.188710
4725	3789	-0.995968
1552	4893	-0.680847
5407	1144	0.597333
4364	5410	-0.651884
3615	3757	1.007761
3286	4749	0.347049
4550	5962	1.160444
5435	1963	0.739652
3351	4040	-0.478352
3925	5900	-0.094708
4320	5299	-0.640312
4247	2489	0.713191
5137	4527	-0.440246
3086	3494	-0.472093
5124	2683	-0.514413
2174	4189	0.256742
2758	1521	-0.507175
2952	5830	0.052065
4582	1634	0.391701
2362	6561	1.441012
3695	6267	-1.031169
2588	6616	1.470725
4188	4179	0.300430
5143	3506	0.312085
5198	742	-0.111949
2898	2705	0.708953
3366	6926	-0.141582
4301	2293	0.152250
5124	1197	0.592504
2356	4323	0.488435
2958	6452	-0.971185
3389	6575	-0.409603
3555	4335	-0.731172
3674	5836	-0.027026
4479	341	-0.057959
3757	5021	-0.563471
4090	1367	-0.675384
3977	4315	0.209023
3764	2144	0.646266
3280	5440	-0.708218
3338	5649	-0.064257
2628	2707	-0.392812
3569	4565	-0.709653
4760	2314	0.378946
3448	6957	0.351640
2510	6619	0.025676
3786	806	0.477959
4875	5498	0.561753
4502	4063	-0.684064
2636	1567	0.605538
1609	4064	0.068704
3523	5012	0.315015
3041	5609	-0.198135
5398	6128	0.360294
2990	5324	-0.955779
3317	5329	-0.682948
4958	2668	1.063334
4063	2829	-1.380420
3722	2189	0.479370
5209	902	-1.491212
4363	6155	-0.828310
4461	622	-0.338616
3096	1308	-0.916080
3909	1212	0.524424
3347	6104	0.281364
3234	2628	0.673961
4359	5778	1.085296
2632	1093	0.277833
3977	4066	0.289082
4882	341	0.043316
1735	4790	-0.504124
4242	2680	-0.150956
4740	461	-0.158775
2899	4336	-0.620419
5140	2371	-0.203864
4175	2650	2.337265
4064	1568	0.029055
4337	5477	0.175364
5459	3685	0.453961
5423	1837	-0.238455
5142	2116	-0.972257
4125	5902	0.363149
2877	3009	0.378823
4557	3521	0.806042
4682	2596	0.059734
4371	6151	0.483812
4366	5785	0.076838
3129	3293	-0.539413
4488	1940	-0.547837
4351	4136	0.835683
3474	1862	0.321104
3236	3752	-0.745579
2641	1455	0.272396
2661	6068	1.070088
3250	7034	-0.117142
2877	5745	-0.793820
2643	848	2.818857
5338	1807	-1.506417
3895	59	0.714670
4967	1804	-0.061538
4681	6137	0.119594
3472	4821	0.622510
3454	2407	1.248018
4540	3195	0.085793
3183	2422	0.024202
3519	2681	-0.479151
4813	5832	0.676627
3941	5773	-1.224227
5275	5322	0.442715
3495	4321	-1.125732
4553	3520	-0.188818
4064	2648	0.566498
3476	4777	-0.162572
3988	5455	0.210301
1915	3922	-1.519813
4940	4633	0.219681
4430	862	-0.284825
3578	3597	0.378185
4769	2646	-0.640859
2653	1761	1.378409
5358	5056	-0.543837
2589	1793	1.296037
5289	1731	0.405671
1992	4888	0.011582
4829	3703	-0.074831
2020	4595	0.330337
3426	2434	0.392748
5300	3832	0.071927
5076	5725	-1.500087
5217	3115	-0.177790
3649	3739	-0.218024
4630	3300	-0.180555
4272	4742	-0.292355
3669	2017	0.964825
3209	6487	0.084018
3463	1541	-0.629140
3398	4454	1.999001
2815	803	0.116151
4355	2373	-0.825937
4876	3389	-0.263159
4132	1248	0.513645
4964	5206	-0.438496
2889	3891	1.008538
4519	4183	0.494998
4118	1551	-0.426585
5336	3668	-0.680507
5241	4629	0.773061
3363	3380	0.594437
2327	6692	-0.323829
3128	5052	-0.880630
1528	4267	0.060645
4382	3347	-0.241774
2619	2544	0.062433
3406	3785	-0.084361
4972	3616	-1.132930
3319	1261	0.006251
1691	4996	0.287267
4441	6159	0.709488
2015	4058	0.040966
3970	3812	-0.201715
5143	4584	0.362138
5467	2806	-0.913085
3251	844	0.328975
3250	6855	-0.382889
2769	2840	0.373677
3727	4525	-0.192322
2633	5716	0.462249
4181	2709	-0.020291
3122	2149	1.218861
4912	1340	-1.468898
2820	4298	-0.075343
2495	4440	0.142464
5243	1683	-0.591634
4840	402	-0.606235
4532	692	-0.664965
4331	5169	-0.566819
2634	2076	-0.523673
5035	4839	1.383958
5212	4059	1.408974
2874	1668	-0.795120
4587	3170	-0.726502
4493	5048	0.566136
5230	2833	0.117141
4705	4230	-0.319132
4660	4382	0.578756
3530	3181	-0.345423
4000	5723	0.118442
3260	2461	1.691026
2950	7042	0.656345
3470	4895	1.285646
5462	5637	-1.029625
3269	4493	-0.468315
3262	1384	-0.637107
2287	4180	0.363517
2910	6282	-0.231429
1774	4703	0.022812
4623	450	-0.649138
2949	3763	-0.935798
3962	1149	0.028565
3461	2008	0.834503
3013	1277	0.296349
4974	1500	-0.183738
3190	2886	-0.386796
2653	853	-0.400118
5179	5252	0.465884
3799	1190	1.058055
2207	4456	-0.965529
4314	3585	-0.318885
4179	6008	0.307954
4845	470	-0.590391
2769	1945	0.062023
4081	4542	0.376478
3182	2069	-1.609781
1525	5083	0.423825
3373	2142	-0.722633
4987	4112	0.055373
2712	4428	0.198304
4087	1728	0.269823
4393	3503	-0.359831
2664	2261	0.199957
3148	6641	0.316061
5251	1107	-0.911821
4303	3478	0.029451
4208	3054	-1.054751
2713	6531	0.817962
3124	4105	0.158863
4428	3201	0.292792
3409	5607	1.314189
5436	2629	-1.579160
5057	2501	-0.004222
3267	5966	-0.480587
3828	5236	-0.974283
3322	2907	0.365338
4924	4785	-1.006656
4623	5974	0.882921
4418	5877	-0.133970
4046	4687	0.848160
2877	1901	0.240360
2562	4009	-0.776472
4675	5291	0.549815
4975	1292	-0.102814
4751	770	0.879589
3939	3288	0.726003
3314	3759	1.165690
4289	4871	-0.309087
4289	1480	-1.057785
4279	4311	-0.052218
4216	2546	0.035677
5184	2663	0.307889
5053	2081	-0.015824
2554	6523	0.071679
2603	5291	1.261314
2786	4753	-0.620161
1651	4204	-0.354837
4149	3020	0.288261
2752	4660	-0.050336
3719	5984	-0.346491
3596	5515	-0.050745
5288	4660	-1.439779
1832	4746	-0.337937
2767	6528	-0.073639
3340	6822	0.286943
4028	6029	-0.688551
2262	4287	0.180759
4324	3207	0.061759
4394	4182	-0.748257
4895	290	0.399763
3385	3029	-0.098551
4484	2352	-0.618831
2836	1289	-0.900766
3577	2169	-0.998071
5281	3915	0.179263
5191	159	-0.269987
2834	5791	0.229208
4338	2817	0.662929
4310	2705	0.514618
3494	6284	1.017062
3766	179	0.526574
4708	3449	-0.457290
2874	5837	1.893664
4950	4441	0.367897
4006	2746	-1.165613
4730	1154	0.363565
4576	5915	0.088699
3445	2023	-0.772935
4905	5628	-0.945024
4432	1865	0.569577
2675	2793	0.810578
5181	3670	0.885582
4017	4972	0.197108
4912	5050	-0.234115
4002	1230	-0.438398
4297	4554	0.366706
2610	5830	0.433844
4759	710	0.724900
3576	5845	0.356688
3127	7073	0.105180
4199	1185	-0.046238
4546	2970	-0.921925
4018	125	-0.581213
5294	3203	-0.148104
3020	6882	-0.631294
4813	5032	0.781862
4128	5059	-0.605241
4282	5412	-0.208965
4262	4960	-0.316115
5004	5378	0.035861
3304	3862	-0.067840
2791	778	0.142786
4594	4196	0.594220
3264	1518	0.392177
2802	2345	1.319063
4038	1751	-0.156749
2990	745	-0.341172
3114	3325	-0.616554
4016	1561	0.607541
2784	2867	1.300175
4236	2960	0.232421
3733	2304	-1.032531
2523	4500	0.493616
3510	1340	-0.333579
