# aperflux run Wed Sep 16 19:04:56 2020, aper=1.50, sigclip=5.0
# x y flux
1445	1095	-0.303936
1938	1950	-0.275930
1301	1405	-0.318859
2875	1699	0.009310
2021	1793	-0.243207
2218	1018	-0.304406
2926	2378	-0.148682
815	2159	-0.098928
1337	1335	-0.239370
1155	1130	-0.132126
1432	1482	-0.307919
2849	1665	-0.073465
844	1233	-0.083319
622	1784	-0.253544
803	2236	-0.123463
2594	1385	0.077144
2008	1339	-0.429948
2716	2399	0.149042
1898	1177	-0.162750
1769	1185	0.214947
2121	1329	-0.084359
2860	1352	-0.062961
641	2342	0.185957
2259	2231	-0.132832
2099	1970	-0.141472
1126	2108	-0.233949
1283	1264	-0.321436
2883	2325	0.103468
2956	2051	-0.221457
1766	886	0.142790
2584	1295	0.067717
1742	1586	-0.278715
728	1493	0.029636
1778	2207	-0.194951
2232	2313	0.143245
2442	2000	-0.080114
623	2014	-0.200347
2393	1361	0.000503
1456	897	0.099264
966	2293	0.056956
2392	1177	-0.303285
2644	1146	0.096471
1510	2363	-0.272738
2899	1689	0.126743
731	2020	-0.096982
1678	907	0.140105
2445	1601	-0.218442
2925	1678	0.116710
2508	2330	-0.076339
2841	1736	-0.171616
725	2043	0.154441
1146	2337	-0.153012
1922	2002	-0.425903
1202	2334	-0.136794
2502	1871	-0.171898
2645	1244	-0.179355
1582	1887	-0.334073
2707	1041	-0.022049
2973	1313	0.057859
908	1336	0.024641
2772	1756	0.105579
2091	1463	-0.102208
2372	1066	-0.056465
2146	2407	-0.124819
1068	1884	-0.289896
2579	1119	-0.011842
1695	1057	-0.060804
786	2338	0.019789
2832	1289	0.098898
2791	2251	0.028596
2492	1922	-0.093169
1649	2657	-0.160640
1793	2003	-0.140214
1193	1500	-0.063594
2319	1090	0.241434
2107	2285	-0.018062
1400	2204	0.142203
1979	1150	-0.100845
2556	1324	0.146618
1650	1179	-0.277090
2850	1851	0.426167
2948	1753	0.096900
1026	1111	0.196309
1619	2555	0.347086
695	1844	-0.093321
1167	2279	-0.036691
1541	1884	-0.157338
2481	1467	0.087612
2035	1045	-0.318656
1558	1054	-0.047660
2838	2404	-0.156312
2423	1248	-0.526407
1246	1673	0.271107
881	1255	-0.133325
903	1494	0.021857
785	1430	-0.296613
1887	1247	-0.213790
2631	2385	0.094710
2802	2228	-0.034767
2546	2053	-0.305765
2964	1974	-0.069858
856	1597	0.000610
2094	2305	0.025017
1050	1597	-0.088572
1059	2393	0.024732
1995	2533	-0.036018
2012	1270	0.024794
2330	2332	-0.021885
2893	1863	-0.211948
1489	2318	-0.140414
1221	1296	-0.370303
2172	1521	-0.269109
1017	2270	0.068214
1014	1726	-0.217969
2953	1420	-0.015327
1828	1521	-0.229834
956	2129	0.018463
2526	1814	-0.006536
2058	899	-0.084592
1011	2225	-0.232194
1422	1353	-0.267716
2862	2085	0.043443
905	2124	0.333308
2640	1220	-0.133416
1633	1909	-0.376909
2550	2191	-0.037496
2153	1935	0.050340
890	1337	-0.054295
1360	953	-0.007351
1166	1745	-0.338377
2952	1338	-0.081298
1797	1168	0.025698
2166	2398	0.347690
753	1532	-0.054742
2004	1039	-0.229624
2630	1792	0.039093
1266	1094	-0.371107
2309	2203	-0.372511
927	1413	-0.428891
1371	1771	-0.072255
1386	1831	-0.123643
2557	1750	0.109901
2533	1674	-0.085088
2685	2391	0.109757
1801	1242	-0.286331
2920	1412	-0.096902
2172	1463	0.169769
773	1701	-0.226719
1393	949	-0.504070
2641	2189	0.052987
1800	1948	-0.647725
2050	2425	-0.531251
2627	1202	0.264065
1109	1147	0.075524
2550	1330	-0.037996
2682	2393	0.099205
1001	1545	-0.060323
2192	1905	-0.197515
2327	1235	-0.219177
1779	1858	0.367626
2574	1260	0.177236
625	2219	0.283268
2600	1953	0.365167
1108	2311	0.018683
2186	2301	-0.261149
1378	1066	-0.360087
837	1853	-0.070229
2808	1167	-0.109026
2679	1901	-0.300278
2433	1221	-0.163667
2929	1934	-0.191622
1343	1847	0.086659
1364	977	0.057736
2720	1465	-0.003755
2432	1799	-0.328490
1885	2300	0.035910
1163	1524	-0.235770
2132	2221	-0.321437
2931	2086	-0.212185
795	1437	-0.286203
1760	2517	-0.195381
1189	1471	-0.077867
1643	2491	0.131510
662	1869	-0.196223
2889	1745	-0.162070
1366	2172	-0.223553
730	1501	0.023660
1186	2332	-0.193333
2302	1118	0.139288
1408	918	0.133221
1517	1238	-0.453301
1173	1749	-0.426995
771	1858	0.003454
1284	1295	-0.242145
1150	1096	0.092037
1850	2467	-0.156509
2304	2118	-0.092801
667	2115	-0.410279
2493	1823	0.131252
646	1099	0.599330
2955	2053	-0.203805
2041	1744	-0.047413
2873	1189	-0.031102
2752	1788	-0.056837
1453	2356	0.074613
2505	2159	-0.076880
2851	1245	-0.183895
995	1104	0.124158
1567	949	-0.074911
1634	2532	0.097778
2192	1030	-0.086603
2649	1690	0.128639
1684	1604	-0.408821
2688	2164	-0.151927
2106	2434	-0.277279
2667	2236	0.236928
2499	1337	-0.131712
682	1132	-0.221312
1404	2541	-0.148117
890	1914	-0.414270
2660	1744	-0.176857
1634	1438	-0.341584
2563	1402	0.147372
1622	919	0.172121
1827	2641	0.081533
2864	1881	-0.172102
2152	969	-0.076767
1460	2110	-0.199268
2124	1613	-0.198232
954	1538	-0.194222
1535	913	0.103236
1752	2287	-0.281151
2656	1719	0.050159
609	1961	-0.194648
2166	1219	-0.443990
930	1291	0.045863
1105	1203	0.131971
2710	1217	0.040215
1250	1452	-0.059306
2612	1479	0.068786
1650	2001	0.422629
702	2379	0.000852
1331	952	-0.046782
2582	2107	0.018641
915	2113	-0.262352
2636	1058	0.149607
1634	2533	0.139975
2979	2209	-0.167228
2893	2279	0.013992
2824	1094	0.094515
1393	1758	0.003669
2095	1829	-0.254193
770	1834	-0.072090
1833	1876	-0.179868
623	1399	-0.053055
2182	2140	-0.061361
751	1849	-0.257246
1002	1204	-0.034545
1612	1097	0.273016
738	1386	0.185574
1598	970	0.448157
2675	1882	-0.060454
761	2272	-0.247365
1355	2219	-0.300465
1015	1578	0.010171
676	1588	0.018351
2775	2369	-0.003673
1562	2392	-0.311075
2663	2336	0.440643
934	1423	-0.071234
2364	1311	0.665251
2574	1256	0.227547
1092	2323	0.212552
2587	1306	0.009769
2847	1407	-0.226130
1631	950	-0.137960
2881	1743	0.092266
2427	1123	-0.034964
1824	1913	-0.063320
655	1863	-0.102779
1591	1083	-0.447243
728	1411	-0.139863
1296	1925	-0.191927
1080	1335	-0.253587
2471	1205	-0.111513
1707	1332	-0.082739
708	1966	-0.245438
1464	1761	0.071626
2464	1801	0.265275
959	2357	0.327035
1212	1793	-0.319983
2422	1339	-0.234427
729	1281	0.048355
818	2123	-0.035121
2055	1703	0.005334
1696	916	0.166514
782	1062	-0.592777
957	1243	-0.105629
626	1994	-0.124550
939	1954	-0.250570
700	1936	-0.310997
2757	1304	-0.353475
2618	1839	0.011826
640	1985	0.148337
2877	2179	0.011037
2968	2202	0.146020
1712	2414	-0.147103
1990	1906	0.047566
1479	1854	-0.063372
1733	1657	0.669046
657	1663	-0.179389
1767	1784	0.114035
2615	1576	-0.070152
2167	1052	-0.199133
746	1528	-0.160944
2672	1270	-0.068580
741	2186	0.017066
1969	2184	-0.046609
2198	1876	-0.265212
2896	1153	-0.202438
610	1944	0.179178
999	1508	0.105169
2634	1863	-0.016616
2191	1636	0.102242
1431	2436	-0.390327
1366	1794	-0.167620
1421	1058	-0.108485
2673	2280	-0.285993
2897	2294	-0.090452
2649	1801	0.013038
1265	962	-0.029539
1910	1582	-0.082166
1232	2367	0.397641
1133	1655	-0.304089
1090	1648	0.077595
1185	1219	-0.071644
1727	1163	-0.266925
1922	1089	-0.163688
1471	1229	-0.453914
996	1669	-0.037650
852	2384	0.587264
2713	1790	-0.131511
2805	1563	0.112244
865	2196	-0.160115
2542	1300	-0.239020
1217	2138	-0.008786
1527	1077	-0.154767
1007	1397	-0.384072
2258	1135	-0.079011
1448	2412	0.164148
698	1740	-0.080701
2494	1111	-0.215299
1698	1067	-0.095315
2952	2116	0.097988
2784	2120	0.143629
2469	1565	0.048847
1671	2461	-0.091467
1643	2524	-0.088300
1902	1804	-0.799246
1379	1419	-0.267965
2317	1505	-0.374059
2157	1397	-0.533494
2940	2335	-0.078295
1876	2187	-0.577699
610	1288	0.021244
1401	1847	0.066533
1406	2229	0.146963
1042	2088	-0.056718
2515	2389	-0.016891
2674	1240	-0.093485
1966	1983	-0.008079
1060	1548	-0.134159
2794	1653	-0.059047
1294	1739	-0.196133
1041	2184	0.038317
2299	1163	0.006904
2024	2154	0.100042
2655	1971	-0.148919
1331	1503	0.089926
1290	1845	-0.225109
2278	1524	-0.297790
1086	1892	-0.612197
2705	1635	0.062353
2589	1153	0.267747
2389	2213	-0.275473
2610	1054	0.057003
1672	2535	0.044548
2855	1979	0.203162
1646	2609	-0.244877
2732	2182	-0.022350
1286	1418	-0.140751
2813	1319	0.076254
2724	1266	-0.235371
1939	1914	-0.457565
1104	2021	-0.144498
2693	1093	0.063861
1139	1660	-0.197531
2310	1604	0.051088
2972	1185	-0.199134
2712	2265	0.129398
2590	1333	-0.350142
1539	1328	-0.404887
636	2073	-0.233025
2823	2101	-0.051545
2381	2008	0.060640
1425	2184	0.036911
2814	2262	-0.158747
2490	2258	0.176688
1058	1640	-0.058888
875	1185	-0.184099
1370	1920	-0.164355
922	1172	0.185845
2793	1799	0.073391
1737	1423	-0.055680
1951	2025	0.242561
1777	2472	0.201336
925	1743	0.016395
856	1467	-0.136650
743	1374	0.208087
1623	1578	-0.302253
643	2090	0.200076
2260	2303	0.228192
650	1457	-0.199055
624	1426	-0.107671
2247	2038	-0.310129
2714	1906	-0.014208
654	1844	-0.107644
642	2019	-0.122624
2796	1964	-0.136144
1812	1367	-0.140121
1628	2432	-0.034523
985	1675	-0.117755
2619	1826	-0.280945
2456	1683	0.016704
2421	1319	-0.201033
2188	1901	0.100943
2850	2143	0.318343
2868	1767	0.163075
1068	1571	-0.138057
1919	2486	-0.378727
2182	959	0.236671
1647	2425	-0.095320
1390	2291	-0.090216
1822	1523	-0.595709
1572	859	0.089521
2792	1160	-0.201612
1471	2257	-0.026819
2139	1628	0.065304
2723	2281	0.554451
1268	962	0.005679
2459	1883	-0.248334
1724	1404	-0.365296
1802	2414	0.104922
2937	1771	0.123818
1793	2469	-0.175084
1120	2186	0.084600
1918	2511	0.211179
2160	1888	0.109395
1356	1215	0.037075
2091	2096	-0.146908
1259	1012	0.212800
675	2358	-0.076771
1949	1108	0.258636
706	2033	0.194560
1033	1961	-0.263325
612	2014	-0.113807
2133	1406	0.060332
860	1968	-0.074795
2621	2059	-0.125008
651	1763	-0.019189
2732	1151	-0.033115
1584	2002	-0.089800
622	1846	-0.102671
843	1985	0.447458
670	2171	-0.081282
2786	1626	0.171818
1662	880	-0.037275
1681	2018	-0.425470
1566	961	-0.150258
2452	1122	-0.020631
1378	1528	-0.124127
1293	1632	-0.549710
2682	2283	0.107010
1433	1786	0.048279
2088	2369	0.001910
1069	1575	-0.274497
1387	1969	0.272927
991	1400	-0.037495
2873	1261	-0.080348
1501	1976	-0.208805
775	1047	-0.414069
2810	1385	0.224509
1433	2044	-0.362355
2371	1532	0.028978
2597	2088	0.283125
838	1158	-0.115736
687	1617	0.122568
1365	1586	-0.335473
2925	1853	-0.171291
618	1632	0.158795
2888	1733	0.040046
1318	1731	-0.263999
1224	2416	-0.401768
2164	1678	-0.084365
1969	1166	-0.393550
731	2056	-0.176768
1516	2266	-0.165777
1723	1776	-0.393074
1087	1147	0.090100
1518	1990	0.338074
834	1519	0.111591
2478	1624	0.101312
2629	1753	-0.083480
2052	1098	-0.029837
1427	1889	0.219560
2889	1783	-0.016580
2949	1620	-0.095315
2778	1752	-0.153226
1680	964	0.088496
2186	1370	-0.464340
2040	1620	-0.120096
627	2236	0.387588
2855	1784	0.015687
2500	2049	0.093032
1990	2454	0.275048
1889	1317	-0.038399
827	2196	-0.204708
916	1287	0.071424
1456	972	-0.211838
2625	1394	0.042569
1441	1184	0.068401
2022	1851	0.021820
1752	864	0.145932
2923	1367	-0.146316
1021	1096	-0.186187
880	1720	0.280212
2426	1793	0.037735
1370	1557	-0.120021
2185	1083	0.133696
1477	2182	-0.115294
891	2327	0.033355
2554	2240	-0.154850
2134	1698	-0.079714
1567	2000	-0.033081
2823	1161	-0.172148
2220	1698	-0.253835
2452	1108	-0.146967
1043	2026	-0.275238
633	2153	-0.527225
2945	1564	-0.056291
2703	2306	0.238391
1029	1341	-0.395451
629	1164	0.113816
2849	2048	-0.023169
2172	1782	0.153654
1071	2291	0.033485
963	2007	-0.011002
2408	1115	0.004210
2947	1586	0.054397
1758	861	0.019752
1764	1674	0.443050
2784	1393	0.049487
1527	1154	0.147647
2544	1304	-0.044237
1333	1464	-0.179733
2330	1138	-0.004858
2846	2123	0.241265
2483	1898	-0.242627
2429	2303	0.222931
2816	2049	-0.062658
885	1833	-0.097505
1113	1073	0.049133
2097	1998	0.166882
1538	2096	0.035885
2327	1139	-0.141618
2385	1556	-0.209679
2666	1234	-0.002937
2811	2143	-0.050923
2494	1637	-0.271679
1541	1338	-0.048047
1638	873	0.275625
838	2194	-0.090495
986	1244	-0.070412
983	1243	0.079099
1165	1403	0.004583
1022	1182	-0.086124
2713	2344	-0.121429
1953	2425	-0.002165
2835	1816	0.162779
2268	1563	-0.257308
1198	2357	-0.031157
2592	2303	0.097569
1738	1141	-0.051662
2553	1801	-0.035281
2412	2286	0.031528
644	1697	-0.314939
2801	1591	-0.164907
2624	2066	0.013374
1487	2218	-0.272095
2586	1436	0.154427
2965	2301	0.262206
1440	1703	-0.059888
2841	1669	-0.001443
627	2290	0.092839
1753	2183	-0.395666
1741	1125	-0.186794
824	1549	-0.104643
1007	1194	0.004042
2695	1261	-0.115071
1726	1502	-0.201276
967	1653	0.014758
1141	2240	0.090830
2242	1854	-0.060777
2418	1779	-0.095235
2317	1499	-0.397627
2873	1095	0.124735
2952	1909	-0.016038
1172	1108	0.053199
770	2188	0.173029
1711	1283	-0.197014
1896	2451	-0.069931
1272	1466	0.043625
1898	1445	-0.191078
720	2364	0.235079
648	1689	-0.009138
2724	1760	0.164846
1088	1344	-0.056701
659	1429	0.047993
2874	1431	0.135962
847	1909	-0.303856
2604	1814	-0.143610
2386	1277	-0.282095
2854	1933	-0.004062
1491	1873	0.090652
706	1811	-0.100465
641	1185	0.031901
1504	2102	0.287794
829	2076	0.103427
1103	2399	0.522309
1603	1208	-0.167136
2302	1198	-0.240921
649	1854	-0.120484
2631	1700	0.371825
1594	972	0.107769
1788	830	-0.133039
766	2315	-0.324883
699	1382	0.180055
2947	1079	-0.012289
2405	1486	-0.064993
2095	2031	-0.180035
1646	2663	0.089973
1319	1849	-0.043223
2496	1277	-0.583381
2891	2339	0.313977
834	1832	-0.135306
808	1203	-0.140827
1845	2570	-0.288545
987	2224	-0.074145
854	1473	-0.361581
947	1209	-0.040760
2312	1862	0.077722
2415	1982	-0.130041
1245	2415	-0.225420
2550	2322	-0.080917
2017	1127	-0.236211
2619	1558	0.085871
1037	2363	0.107368
1166	1479	-0.049115
1459	2283	-0.081913
665	1997	-0.364101
1343	1833	-0.263484
1725	1186	-0.405881
1560	2305	-0.424940
628	1215	-0.077823
1313	2118	-0.016205
2602	1438	-0.168599
2680	1829	0.181859
2679	2129	0.010352
1490	932	0.084349
1685	2462	0.087571
1682	2223	-0.427438
2517	2278	0.037947
1085	1495	0.051823
2352	1694	-0.188843
779	2367	0.054488
925	1435	-0.363199
2464	2307	0.046043
681	1803	0.120885
1276	2320	-0.057279
2284	1979	-0.170961
1433	2028	-0.088728
2059	933	0.069811
1863	2575	-0.080277
1013	1420	0.054364
1977	1677	-0.094958
2507	2049	-0.208722
2391	2199	0.155071
2938	1316	0.188807
1353	2233	-0.134425
2736	1746	-0.099344
2912	1561	-0.057369
1963	1872	-0.214616
1920	1456	-0.074276
1716	1072	-0.115191
1265	1745	-0.265380
2102	2356	0.108229
2635	2162	0.196614
2976	1171	-0.074340
1713	2041	-0.141759
1173	2359	-0.026612
2362	1520	-0.260135
793	1366	-0.180236
2165	1487	0.151873
1246	2243	0.155242
1975	2367	-0.067308
1268	1737	-0.160076
1866	1686	-0.466727
2827	2068	-0.277328
1781	1788	-0.060612
1808	844	0.165507
2873	2308	-0.174570
941	1466	0.078815
2243	1518	-0.452008
834	1756	-0.015372
2661	1609	0.090390
2420	2236	0.119228
642	1590	0.324612
2473	1647	-0.043528
1363	2143	-0.068347
2523	1798	0.142813
985	1575	0.021026
883	1645	0.098934
2909	1673	-0.171383
2632	2249	0.031854
795	1426	-0.169210
1543	1930	0.600527
2463	1970	-0.104204
1478	1646	-0.224763
2641	1526	0.140460
2948	1442	0.107790
2766	1967	-0.034409
2094	2266	-0.196657
865	1353	0.059875
2960	1278	0.205647
881	1644	0.168241
2889	1419	-0.054431
2175	2397	-0.059566
2319	2148	-0.127144
2819	1647	-0.089941
1702	965	0.023216
1569	1498	0.061905
1103	1562	-0.051150
2297	2060	0.078759
2425	2340	-0.113260
1421	1250	0.024305
2127	1771	-0.516957
2458	1854	0.077142
1181	1392	-0.207852
2003	2024	-0.255322
1979	2500	-0.326642
781	2140	0.187238
1120	1793	-0.131719
1088	2233	0.099229
2049	1847	-0.300204
1230	1462	-0.175166
2177	1998	0.160500
2083	1188	-0.059240
2115	1788	-0.048545
2518	2335	-0.262202
1492	1417	-0.191521
1311	2258	-0.070507
628	1405	-0.100113
1196	1068	-0.098220
964	1627	-0.216722
2583	1884	-0.137329
2960	1621	-0.115221
1038	2105	-0.056530
1779	2414	0.019426
1535	1247	-0.496100
1250	1149	-0.238990
2622	1521	0.004882
2857	2381	0.157959
2066	2289	-0.188393
637	2101	-0.042939
2967	1258	-0.131174
963	1527	-0.206260
2221	1806	-0.038866
1237	2161	-0.015902
1194	1106	0.017812
1509	996	0.411455
2282	1496	0.099793
2375	1191	-0.150692
1288	2094	-0.304037
2037	1390	-0.466150
1916	2249	-0.150430
2677	2375	0.232199
2166	2162	0.160660
2871	2364	0.145263
991	1226	-0.213963
1574	910	0.018929
1009	1357	0.081780
1541	2371	0.156688
1987	1851	-0.299151
2883	2388	0.204313
1462	1482	0.111923
1199	1347	-0.033348
767	1525	-0.361476
2770	2322	-0.049155
881	1931	-0.452683
1684	2576	0.343740
673	1510	0.063376
2907	1867	-0.147832
2261	1054	0.229662
1375	2224	0.108869
2384	1084	-0.154349
1171	1988	0.355674
1672	1928	-0.453438
990	1620	-0.253155
2639	2054	0.422732
2965	2263	0.042656
2730	2351	0.131243
2906	1863	-0.011658
2162	1404	-0.631214
729	1171	-0.135463
965	2210	0.111615
2335	1644	-0.010351
2716	1132	-0.101123
2295	1456	0.475822
2864	1534	0.213070
2561	1095	0.109662
1906	2513	0.256445
1644	1112	-0.076342
972	1481	-0.144246
2659	1951	-0.148404
1992	2183	-0.449317
2202	1937	-0.133964
2932	2334	0.078878
1608	2559	-0.329472
1485	1960	-0.043814
2212	1921	-0.123140
1211	1468	-0.291147
2146	1715	0.167241
717	1219	-0.264370
2490	1693	0.038785
1915	2309	0.083139
2696	1413	-0.036058
2866	1211	-0.217994
799	1109	0.118644
960	2050	0.454257
2715	1270	0.287156
2926	1164	0.034927
1219	1081	-0.059792
2094	985	-0.039042
1735	2103	0.813375
1034	1358	-0.177703
848	1323	0.137802
2139	1593	0.173498
2561	1585	0.118545
929	1140	0.038153
2175	1354	-0.013411
2356	2128	0.000593
1275	2421	-0.141301
647	1418	0.211547
2945	1404	-0.114331
2250	1725	-0.348522
2853	2111	-0.199749
1678	1156	-0.205131
976	2298	0.008746
966	1098	0.294405
1975	1639	-0.322937
1732	884	0.032744
2309	1991	-0.107497
2740	1507	-0.194468
1577	1969	-0.250236
2422	2275	0.033722
2782	1306	-0.127939
2797	2091	0.236842
2497	2174	-0.017894
2891	1975	-0.051944
1164	1446	-0.057008
1878	1639	-0.240302
1178	1993	0.281013
640	1757	-0.094646
1316	1366	-0.059018
1183	1593	-0.284392
1598	1536	-0.363413
690	1450	-0.022175
1982	1765	0.162473
1883	1282	-0.179879
1659	1929	0.015437
1408	2447	-0.196577
682	1101	0.282944
2131	2225	-0.230090
2976	1629	-0.054325
1807	922	0.230348
878	1995	0.019444
991	1191	0.141841
863	1404	-0.051427
920	2308	0.040967
2604	2061	0.257461
1955	2024	0.088766
2702	1746	-0.191946
2724	2112	-0.048979
1497	1596	-0.451575
996	2182	-0.119131
1043	1638	-0.183997
938	1462	0.022069
2167	1359	-0.374806
2060	2188	-0.144244
2572	1918	0.113984
737	1528	0.068028
2311	1104	0.349578
2699	2059	-0.036779
948	1757	-0.045532
1750	940	0.016363
2166	2170	0.170566
1228	1345	-0.441030
2821	1948	0.051200
2181	1741	-0.285454
1687	1265	-0.306378
2724	2010	0.094849
2932	2367	-0.200980
2585	1522	0.293243
1527	1186	-0.079685
2910	2331	0.168919
1230	1356	0.055920
2359	2312	-0.422819
1971	1422	0.040540
1700	2254	0.096584
783	1058	-0.384397
1304	1076	0.289675
1854	2270	-0.352685
1777	1376	-0.365722
1582	1778	-0.389552
1265	1432	-0.116505
1986	1171	0.040146
2806	2244	-0.070777
2199	1066	0.107691
1818	2117	-0.132095
2828	1365	-0.090425
952	1500	0.329185
2712	1682	0.286050
2622	1745	-0.221204
1039	1797	0.019631
1039	2027	-0.435974
1639	1607	-0.169607
1166	1525	-0.217981
1868	1348	-0.226776
1604	852	-0.012374
622	1253	0.104398
2710	1656	0.012521
1876	2484	-0.133902
2746	1740	0.225310
1125	1658	-0.112570
1876	1221	-0.030757
1353	1717	0.203111
1436	988	-0.074693
1427	2373	-0.073885
2514	2119	0.016852
2524	1626	0.214101
2862	2140	-0.336392
1546	1066	-0.151297
1376	1584	-0.318097
2197	1521	-0.615888
1026	2124	0.289433
1185	1100	-0.037780
680	1776	0.032859
2572	1657	-0.139756
1990	1736	-0.413908
2476	1722	0.138837
2850	1734	-0.208926
1490	1911	-0.307859
2849	1911	-0.099638
2200	2340	-0.155360
1869	2056	-0.735670
1235	1447	-0.124048
2662	2159	0.039230
1869	2480	-0.215136
2411	1466	0.099446
1792	1511	0.400294
1206	1163	-0.178997
1453	895	0.028789
2792	1284	-0.161129
936	1609	-0.071150
2630	1606	0.162289
1751	1672	0.818687
858	1521	0.180736
920	2290	-0.216222
1230	2170	0.276019
2636	2052	0.324050
1383	1166	-0.184201
1498	1880	-0.080151
2127	1538	-0.176923
2694	1142	-0.199526
2094	946	-0.095272
1443	1921	-0.103460
619	1135	0.346439
2904	2136	0.109593
2036	1125	-0.116597
805	1717	0.067721
