# aperflux run Fri Sep 18 18:24:10 2020, aper=0.90, sigclip=5.0
# x y flux
2493	4160	-0.025833
2828	2179	-0.119309
2192	4124	0.033878
2777	3762	-0.062423
2597	4883	0.143490
5240	2402	0.135724
3197	5259	0.196178
4798	4644	0.022559
3859	3681	0.054652
3699	1533	0.079264
2130	2433	-0.072966
5738	3661	0.216508
5287	4047	0.085742
3865	4311	-0.112775
2987	2524	-0.006175
3114	2287	0.119451
5157	3174	0.009742
2584	4292	-0.087501
3753	2221	0.121614
2023	4781	0.208403
2170	3095	0.123495
2871	3856	0.052273
2634	3558	0.039121
4579	1950	0.118224
2400	4968	0.035193
3999	3792	0.121654
2015	4542	-0.148146
5280	2756	0.149693
2755	4047	0.003051
1582	4052	-0.054314
1928	3116	-0.024058
3932	1852	0.078910
3683	2827	0.080234
5124	2264	0.029777
3841	1227	0.063570
2508	4525	-0.216842
5102	2861	0.050521
3832	3451	-0.094547
4884	4690	0.079280
4501	4952	-0.117169
2088	4266	0.017030
3951	4035	-0.087059
2249	2764	-0.190198
3222	4911	-0.049520
4734	4882	0.203986
2185	3149	0.108360
3220	3412	0.197652
3476	2287	-0.128568
3016	5017	0.105758
4279	4085	-0.010859
5283	2256	-0.064756
4438	4872	0.193127
2355	2244	-0.089476
5590	3529	0.357359
1999	2994	0.016604
2506	4703	0.029824
2372	1718	0.091324
1898	2887	0.154035
2506	3290	0.118677
3763	4825	-0.091800
2258	2883	-0.069225
2987	1881	-0.058463
5529	2822	0.141770
1757	4420	-0.143480
2325	3840	0.315606
2842	2621	-0.053624
3962	2176	-0.027294
3704	1827	-0.119810
3188	4745	0.044479
2466	4473	-0.051361
4361	3975	0.007885
3687	1296	-0.056793
4919	3905	-0.016487
2239	2424	0.102200
2371	4605	-0.061035
4243	2570	0.102875
4186	3179	-0.038473
3321	3506	-0.274595
4936	4919	0.246155
5031	2450	-0.022611
2538	4940	0.186440
5269	2732	0.048004
2416	3717	0.080481
4170	1481	-0.046965
1458	3794	0.083898
4162	2114	0.017719
3279	2763	0.089245
3463	3659	0.115174
3396	2026	0.018176
2268	2737	0.006724
4689	2630	0.011542
4271	4377	-0.044499
4168	2055	0.058846
1542	4050	0.100118
4060	1909	0.054184
2218	4689	0.043793
2708	4772	-0.081385
5482	2559	-0.071388
2621	1996	-0.039901
4148	4312	0.069059
3389	2869	0.109742
5398	2756	-0.061429
5160	4205	-0.005070
1666	4085	0.230466
2831	2818	-0.017661
4389	5340	-0.142465
2413	4176	0.038858
3861	4788	0.235149
2499	3963	0.101422
4448	3792	-0.024931
4710	4498	-0.083977
5208	3331	-0.019296
3422	3319	-0.026782
3132	2053	-0.137439
4063	4453	0.059913
5136	2652	-0.021541
2608	3680	0.028011
3948	3963	-0.133734
4734	4875	0.102431
2957	4141	-0.146831
4239	3250	-0.158919
1916	2030	-0.058940
3909	5300	-0.107621
4619	2771	-0.230622
5146	3371	0.071651
3124	3440	0.033311
3392	4980	-0.027046
2573	2403	-0.236793
4747	4854	0.216916
3230	1769	0.185454
3191	2649	0.179883
2363	5014	0.366595
2534	2009	0.004302
2989	3246	0.080443
5240	3322	-0.118912
3234	4007	-0.104862
2158	3978	0.072263
4343	2020	-0.008035
3169	2248	-0.065845
2457	3612	-0.202078
1920	4206	-0.048729
5466	2561	0.113976
5012	3689	0.123629
2551	2805	-0.029738
1696	4225	-0.031321
2146	2894	-0.089906
4369	4743	-0.081933
2463	3889	0.108854
5480	3133	0.121675
2771	4700	0.065632
2778	4425	-0.059346
4191	2536	-0.113424
2450	2981	-0.200043
4920	4322	0.066859
4042	3095	0.043526
4147	2523	0.061704
3715	2913	0.090685
3487	4991	-0.060894
3734	3358	0.245864
4235	3335	0.103460
3054	1787	-0.022527
2552	2577	0.053862
3986	2047	0.089151
5034	4771	0.072825
4674	3849	0.083468
2211	2461	-0.042655
1853	4371	-0.010825
3898	3056	-0.069855
3473	2037	0.049338
4785	4297	0.078258
4071	2878	0.207267
5708	2759	0.046002
2903	1828	0.149930
3722	2106	0.038743
4105	3262	0.028109
1876	3058	0.034023
3332	4401	-0.011057
2875	4759	0.130829
5524	3542	0.108717
3429	4961	-0.052553
4480	3284	0.004037
5039	2383	-0.055200
3695	3850	0.131896
3865	2158	0.025742
3255	4553	-0.151109
3888	5221	0.365844
3395	2244	-0.086953
1732	3195	0.065902
4074	2881	0.143571
4555	2355	-0.021301
4045	3812	0.091718
4011	5075	0.184699
3538	4256	-0.244306
2421	2540	0.042838
3857	3523	0.198896
2638	4402	0.124632
2115	4036	0.096655
5074	4059	-0.115057
3256	1755	-0.038759
1872	3553	-0.025476
5346	3875	0.078573
2583	4516	0.113988
4448	4297	0.169189
1805	4246	0.008362
2785	4152	0.105573
5138	4372	-0.057739
4817	4744	-0.055308
3637	2636	0.166642
3559	4855	0.004235
3827	2381	-0.104083
3861	1933	-0.012059
3337	3747	-0.027760
2178	3397	0.199309
2116	3926	0.100550
1680	3047	-0.123176
1969	3727	-0.080505
3686	4093	0.205706
2342	4608	0.246489
5690	2910	0.023126
4365	3904	-0.056334
3145	2606	0.024167
2685	3752	-0.001426
3225	2490	-0.112343
4912	2711	0.221929
2520	3112	-0.079989
1627	3838	0.300978
3823	4015	0.202642
3815	1620	0.140970
5159	3532	-0.018537
2743	4441	0.012233
4398	4786	0.114127
4247	2482	-0.142577
4701	5064	0.193301
2916	1447	0.088112
3060	4841	0.253269
4921	2466	0.031111
5153	3023	-0.101770
2043	4606	0.053157
2633	1753	-0.020233
2883	5166	0.288030
3337	4217	0.337929
1725	4153	0.116345
3100	4774	-0.052095
3563	1431	0.047414
4142	5083	0.094542
2045	3083	0.009329
3181	4769	0.070804
5344	2568	0.089648
3134	2664	-0.034073
2243	4051	0.089115
3773	3109	-0.127196
4078	1403	0.045286
4279	3705	0.675887
4569	3202	0.097689
5213	3794	0.110322
1821	3698	-0.071197
3469	2341	-0.114635
4629	2015	0.036808
2711	3572	0.113378
2623	4263	0.197028
3779	2726	0.147109
1800	4034	0.034061
2519	4555	-0.096697
3504	4918	0.174823
2773	2503	-0.088972
3563	1512	0.028457
3221	2061	0.178060
3383	4489	0.057075
5342	3664	-0.018612
2731	2260	0.083737
3237	4585	-0.024070
3154	4506	0.032758
4054	3282	-0.187917
1779	3345	-0.018836
3641	4775	0.012504
4659	2583	0.013312
4706	4540	-0.019044
4179	4086	-0.049319
2896	3413	-0.082244
3456	1858	0.020651
3516	2240	-0.131580
5421	2946	-0.022212
3303	2249	-0.111786
4347	3013	0.227962
4060	3603	-0.181533
2351	3405	0.005434
2167	4431	-0.143815
5314	2333	-0.134007
4667	3917	-0.000947
2336	2309	-0.082488
3015	3668	0.048102
3019	1687	0.145662
3175	2800	-0.013171
4800	2105	0.039865
4889	4324	0.015870
3268	2596	0.232761
4536	3827	0.125661
4389	4717	-0.030697
4355	4865	0.076281
2320	3940	0.154485
3283	2611	0.061804
3535	3566	0.030029
2980	4128	0.189586
2646	1613	-0.084191
1976	3333	-0.273721
2608	2987	0.007404
2368	3618	0.124861
2382	2995	0.005700
3810	3667	-0.081660
2778	3427	-0.205455
3861	1244	0.169058
3272	4176	-0.118199
2946	2281	0.005918
3380	4662	-0.071728
3387	1902	0.192404
3171	4202	0.228426
2867	3226	0.018732
4265	2982	-0.216066
4358	2108	-0.094183
2309	2360	0.021867
4528	4301	0.119678
2361	3580	0.005486
3932	5030	-0.008744
4545	1927	0.037233
3281	4107	-0.071959
4041	2866	0.116552
1859	4014	0.165063
1861	4776	0.371199
2598	2086	-0.088279
2370	2196	-0.161650
4702	4860	0.244869
5413	3797	0.129636
3026	2552	0.112520
3970	4275	-0.026326
2020	4406	0.084142
4992	4705	0.029171
4033	5116	-0.088754
3051	2984	0.132257
1930	2458	0.156233
1812	2749	0.170653
2847	2713	-0.038845
4693	4370	-0.021055
2549	3385	0.064428
2817	2256	-0.153962
2167	4417	-0.031239
4926	3515	0.182903
2279	3629	0.033148
3958	2188	0.143073
4588	4411	-0.195541
3565	2768	0.095630
4265	1635	0.100910
2458	4830	0.014743
1634	3070	-0.039288
3072	2057	0.219849
2265	3175	-0.000766
3179	1920	-0.065607
2391	4181	-0.127174
3694	2101	0.053408
3398	3206	0.070245
3212	3742	0.264400
3617	5148	0.026214
1873	2440	-0.017504
2217	4585	-0.087572
2212	4353	0.229977
4577	1812	0.264227
5309	3648	-0.204165
4610	3211	0.125345
5205	3802	0.120224
2838	1836	0.103792
3021	4524	0.018679
4401	4982	-0.046879
1703	3992	-0.042731
3620	2969	0.132368
3747	4146	-0.094169
5307	3108	0.052518
3589	2823	0.144180
4963	3168	-0.161018
3515	2871	0.055680
4607	2074	-0.042576
2768	2120	0.048236
4441	4413	-0.228363
4320	4126	-0.058119
3435	2908	-0.083137
4692	2816	0.156599
1577	3709	0.019328
4694	4365	-0.085121
2171	3965	0.110555
2327	4103	0.154692
2554	2746	-0.050492
1967	4414	0.011017
5465	2876	-0.171400
3275	3401	0.054520
2739	1913	0.103393
3733	1585	0.164999
2257	2174	0.050135
3270	4392	-0.017178
4684	4856	0.054823
3711	3892	0.032716
4892	3236	0.038803
2968	5096	-0.011510
3752	3825	-0.210080
5379	2762	0.102295
2241	4280	-0.078044
1727	2590	-0.023994
2222	2452	-0.075458
1614	2676	0.186495
2913	5108	0.164610
3830	1189	0.140729
4574	3185	-0.040403
1933	3018	0.178168
2211	2574	0.044835
2077	2560	-0.092346
3774	4518	0.218919
3163	4783	-0.155665
2440	1971	0.091850
5689	3517	-0.057561
2619	2801	0.095828
3221	1562	0.074736
4196	2016	-0.207379
4040	4745	-0.120393
3632	1941	-0.193175
3799	4720	-0.161109
4020	2645	-0.076597
3302	3757	-0.061434
3189	4587	-0.034336
5367	3401	0.100425
5224	3644	0.029059
3005	1353	0.043064
3589	1285	0.028552
1848	2700	-0.075136
2456	4154	-0.001396
2906	4231	0.156281
3482	2939	-0.170648
4177	1998	0.105933
3264	3053	-0.272292
4990	3920	0.109617
4166	3022	-0.009664
3447	4746	0.046592
3717	4679	-0.111463
3016	4076	-0.124576
4653	1995	-0.004016
5210	3766	-0.076217
4633	4944	0.041751
4963	4494	0.215279
3211	4015	-0.585385
4785	4809	0.081590
4660	2136	0.014399
1916	3094	0.094072
3899	2405	0.161757
2182	3199	-0.032562
4599	2211	-0.006003
4503	4054	0.326081
2668	3288	-0.018877
2108	2946	-0.130962
4483	4387	-0.089156
2367	3850	-0.070705
4860	2981	0.177584
3364	4827	0.074542
2467	4727	-0.037926
3830	2574	0.164054
1889	3250	-0.013791
3835	1219	0.120535
3627	4051	-0.065029
5177	3053	0.029833
3634	4770	0.122728
3709	4061	0.026973
5021	4575	0.229889
4917	4355	0.206017
5278	3078	0.098635
3254	4251	-0.143041
5107	3863	0.058053
2599	4713	-0.048206
5538	3712	0.154251
2539	4939	0.162379
2859	1450	0.092846
3505	1651	-0.071012
4453	4361	0.108692
3540	1462	0.026979
4975	2075	-0.103355
1343	3731	-0.037322
3729	4823	-0.055965
1909	4793	0.315821
4646	2888	0.042595
3987	4100	0.206939
3246	4695	0.153536
4522	2579	-0.038847
3698	4141	0.007682
1929	2948	0.142564
1723	4353	0.322313
2885	1845	0.058189
4151	3713	-0.218001
3297	1648	-0.077631
5206	4480	-0.165726
4610	4279	0.017481
3001	3803	-0.080797
2943	3567	-0.074056
2434	3418	-0.198276
4839	2495	-0.169418
3188	2320	0.163383
4130	4041	0.067835
2003	3319	-0.142458
3813	1745	0.112053
3620	4865	0.161441
4246	2242	0.080204
2777	2146	0.025399
3901	4717	0.016280
2338	4291	0.055147
4595	1914	0.083755
1813	2422	0.255384
3693	5412	0.086291
4080	3778	-0.094934
4525	2040	0.013121
3888	3861	0.092136
3961	1993	-0.122908
3844	1468	0.077755
3754	1824	-0.004091
2681	2560	0.022184
2486	4994	0.154174
2511	4089	0.037630
4707	2913	0.065512
2208	2979	-0.013382
3893	2307	-0.009023
3620	1264	0.036786
3267	1451	0.033418
3920	5178	0.067694
2374	3838	0.029721
3707	2139	-0.141371
3793	4745	0.047439
4499	1891	0.016665
3216	2673	0.032661
1732	3087	-0.027289
1911	4130	0.071914
2791	2966	-0.022361
2454	1953	0.019086
4036	4825	0.087742
4606	4719	-0.097464
3834	5428	-0.005920
1690	3235	-0.149501
4337	3291	0.196118
2354	3724	-0.036261
2002	3347	-0.068234
3918	2773	-0.032261
4712	2411	0.058801
4376	3633	-0.101505
4009	3926	0.087443
2159	3890	0.108033
2935	4015	0.386164
4576	1916	-0.163117
2917	4999	0.015057
4236	3182	0.432255
2470	2462	-0.212846
5261	4412	0.169858
3371	4842	-0.039701
3026	1256	0.007478
2601	3980	0.216913
5296	3577	0.129876
2560	2999	0.127372
3740	2025	0.272848
4005	4527	0.112695
2829	2354	0.228684
4944	4342	0.000924
2465	3635	-0.094907
5027	2949	-0.029313
4203	3190	-0.073567
4534	4101	-0.176728
4326	1796	0.105247
4360	2063	-0.056556
2504	3853	-0.104388
4882	4477	0.159009
3675	1995	0.233931
1746	4624	0.229997
3271	5175	0.006430
2816	3033	-0.038011
2483	3155	0.066255
1425	3935	0.076354
3391	2260	0.108958
3497	2641	-0.061044
5480	3172	-0.047750
4154	5147	-0.013580
4050	3560	0.124835
3254	4016	-0.029443
5255	3622	0.016961
4088	2264	0.040370
4900	3904	0.156642
5368	3677	0.024053
2805	4739	-0.055419
2471	2698	-0.054044
2005	3701	0.173747
3441	4852	-0.085083
3707	1622	-0.082996
4257	4778	0.182518
5017	5129	-0.058377
4585	2875	0.122733
2022	2957	-0.140545
4168	4996	-0.068968
2250	4672	0.029361
3215	4191	0.073916
2712	4101	-0.084928
3350	4387	0.070981
3922	4808	0.205964
3205	2216	0.027564
3248	1365	0.057399
3495	1897	-0.051717
4392	4309	0.181071
4572	1954	0.044281
3810	5405	0.015724
1483	3957	-0.002507
5162	4212	0.229541
3734	3823	0.068643
4198	2358	0.239391
5132	3487	-0.010329
2175	2570	0.089072
4189	4824	-0.027691
2303	4589	0.006308
4411	5011	0.082012
5510	3428	-0.078080
2338	3914	0.150439
2116	2455	-0.040581
2698	3139	0.016240
4887	4323	0.036533
1756	3932	-0.050788
4508	3701	-0.143846
4876	4464	-0.094760
3250	4244	0.040842
2995	4212	-0.203929
2816	4892	0.154042
2469	2803	-0.161459
5535	2912	0.019120
4990	4066	0.176991
3832	1880	0.027475
3434	2729	-0.147764
1955	4059	0.015314
3633	2395	0.242375
3665	4843	0.198919
3770	1123	-0.103240
5135	3360	0.242886
4733	2982	0.047891
3643	2409	0.117959
4135	3268	0.015385
4366	5009	0.138370
4071	1573	0.136981
3635	2968	0.294444
4474	4407	0.002497
2427	3898	-0.055595
3468	2028	-0.168134
1890	3887	0.067573
2050	3125	-0.032828
2499	3564	0.144208
3831	1846	-0.013550
2963	4067	0.154773
4891	4543	0.056841
3075	4023	0.125730
2792	3719	0.097483
3082	3910	0.003114
4032	2830	-0.048548
3394	2254	0.076160
3188	3932	-0.003237
2354	3933	0.122965
3356	4351	-0.243107
2180	1934	-0.107030
2677	1773	-0.039023
4331	3994	-0.148027
4149	2566	0.060514
3105	1776	0.146329
3425	4887	0.078844
1690	3589	0.089135
5598	2901	-0.022535
2776	4074	-0.000440
4850	3658	0.072855
1933	3443	0.183066
5163	2876	0.073660
3603	2554	0.175748
2988	3695	-0.044261
2923	3777	0.005290
4507	3841	-0.028270
3482	3546	-0.035953
3757	3007	0.090020
2927	4114	-0.082130
3829	3599	0.273485
2349	2646	-0.047179
2639	3203	-0.044341
1913	2469	-0.056391
3423	3616	0.334337
4485	2596	0.079357
4029	4414	0.031978
5461	4296	0.001358
3165	1634	-0.106513
2991	1954	0.095980
4114	4714	-0.101119
2972	2515	0.343150
4672	4498	-0.038133
2162	3363	-0.000926
4595	2289	-0.166695
1868	3674	0.165641
4816	1812	0.049308
1861	4767	0.267293
3595	2419	-0.023711
3753	4458	0.012360
5174	3845	-0.028942
2853	2684	-0.063427
2925	4252	-0.006631
4272	5095	0.263666
2701	2422	0.037576
4254	1873	0.034878
5682	3017	-0.122777
2406	2032	-0.014777
5664	3010	0.014892
3687	1307	-0.104057
5242	2564	-0.076083
2433	4126	0.072514
2857	4808	0.081881
1772	4241	0.135788
3847	3045	-0.143048
3539	3402	0.145725
2459	1956	-0.050280
2276	3156	0.300229
2816	4507	-0.114631
4752	2876	-0.052227
3411	4059	0.024249
2819	1619	-0.016870
3327	3715	-0.041456
4087	4556	-0.016031
4520	4233	-0.012150
3630	4208	-0.106546
3311	2531	0.116988
4293	1679	0.127857
3631	2555	-0.067170
2362	3437	0.253547
1886	2912	0.309492
5457	2426	-0.173246
2242	2329	-0.038023
3398	2160	0.092490
2977	4318	-0.126052
3586	3837	0.043927
2034	4198	-0.194967
3310	4568	0.168835
2983	2314	-0.095451
4756	4599	0.100107
3807	2425	-0.110680
2999	2741	-0.180495
4929	3653	0.035302
2895	2831	-0.053433
3451	1840	0.196332
3174	2232	-0.168346
2600	1682	-0.011669
3416	3094	0.085237
3523	2685	0.066150
4176	5013	-0.052667
4663	3673	-0.044703
1477	3974	-0.061672
4142	3261	0.073758
2552	4600	0.050373
3179	4937	-0.045623
4957	4125	-0.005030
3102	2841	-0.110522
2193	4445	-0.200433
5381	4035	-0.051551
3176	3637	-0.034535
4243	5091	0.186808
1602	4024	0.011728
2369	3634	-0.161699
2574	2036	0.008866
3775	2321	-0.156384
3749	2167	0.003112
5486	2980	-0.179489
1938	2767	-0.046407
5509	3017	-0.151991
4790	2780	0.034549
3165	3485	0.017308
3570	3984	0.266194
2428	3142	0.073509
3486	2306	-0.081354
5187	3480	0.119695
2632	4038	-0.006891
3277	3032	0.096447
3502	3477	0.034002
3964	1939	-0.100913
2874	2215	0.218345
2627	1725	0.008265
2261	2354	-0.085988
2977	1751	0.269518
2591	2192	0.031480
4661	3364	-0.052471
5084	3666	-0.073315
3587	1911	-0.087559
2862	2891	0.042243
4423	4247	-0.009838
2292	4494	0.405974
5128	4035	0.005536
3094	5255	-0.027954
4490	2816	0.122178
3883	1371	0.029884
1750	4216	0.091601
5471	3777	0.086432
2428	2529	0.276180
4269	3433	0.036695
3718	5160	0.042728
4712	4109	0.112122
3959	5392	0.017637
3905	4086	0.109145
2757	2282	0.049634
1978	3014	-0.163892
3544	1647	-0.086216
2182	2882	0.019808
4841	2754	0.044760
4638	4985	0.031633
3197	2231	-0.066412
4947	3968	0.089575
3895	2329	0.042506
4610	3399	0.010999
3345	2403	-0.216002
2540	4391	0.045815
2420	4675	0.041728
3035	1854	0.029547
2477	2612	0.184708
2025	4728	0.112722
4238	1595	-0.144539
4759	2193	-0.176292
2338	3098	-0.091346
2861	2144	0.050905
2359	3823	-0.057002
5012	1936	-0.021535
4760	3708	-0.032549
1949	3749	0.204125
2523	3464	0.000081
3026	4488	-0.339164
1857	2525	0.006157
2926	1988	-0.024781
4570	2535	-0.047640
2433	4588	-0.008301
2321	4083	0.159381
3665	4058	-0.037317
3555	4851	0.077955
3988	2509	0.086829
3898	4602	0.177641
5461	3125	0.042125
2272	4592	0.105227
3230	2188	0.179232
2065	4627	0.126439
4037	4752	0.026383
3906	5361	0.410909
4683	4336	-0.013105
3988	5564	-0.015981
3790	5289	-0.137470
2596	3796	0.187305
4412	3182	-0.163072
3853	4015	0.141768
4572	3893	-0.023184
2553	3271	-0.016548
5605	3225	0.119379
5167	4842	0.099950
1867	3887	-0.048934
3271	4099	0.134657
3154	1491	0.062537
5004	4458	-0.012787
5138	2409	-0.023251
3151	2031	-0.189178
5590	3126	0.176701
4054	3692	-0.082919
3440	3355	0.286714
4732	2673	-0.057507
3647	5008	0.008592
3984	1443	0.011601
4962	2356	0.017997
2090	3580	-0.151846
4142	2274	-0.005967
2971	4701	-0.054076
4640	3195	0.085744
2234	4653	-0.026650
4151	1988	0.017365
4081	1811	-0.036981
4342	2827	-0.181191
4147	3654	0.031293
3144	1525	-0.056370
4870	4994	-0.016760
3928	3600	0.048780
4248	3501	0.202532
2072	3614	0.320460
3572	5246	0.222628
1934	3157	-0.139101
3140	3082	0.042608
4164	2036	-0.125030
5439	3009	0.323702
3641	1325	0.136692
3711	2313	-0.150002
4915	3688	0.225239
3757	1312	0.035574
4569	3011	-0.142946
3755	5168	0.120715
4801	4677	0.050534
2733	3138	-0.158799
1920	3877	-0.036966
4770	4335	0.289487
2320	3299	-0.010106
3680	1509	0.406640
3205	4157	-0.098741
4054	3099	-0.081959
3481	4749	-0.130183
2593	2695	-0.106815
3114	2651	0.095083
2973	1959	0.194861
2654	4358	-0.008121
5453	3601	0.009279
3517	2759	-0.214569
4806	3339	-0.039041
1323	3709	0.075411
4318	2867	-0.221347
2866	1907	-0.017962
3840	2746	0.156232
5225	3504	0.038723
2881	1449	-0.018440
3543	2838	0.279517
4616	3230	0.072052
2286	2182	-0.004471
3581	3074	0.124340
3319	3216	-0.243955
4169	2324	0.152355
3241	1691	0.146346
2042	4119	-0.075959
1922	3052	-0.058724
3523	1762	0.024267
4954	2591	0.075961
3402	4909	-0.017356
2995	2528	-0.076478
4291	2474	-0.090108
2351	4109	-0.074291
3561	3475	0.120840
3084	2274	0.052435
4549	1850	-0.053164
2111	3488	-0.190613
2665	1794	0.156875
4753	4369	-0.140588
3343	4763	0.063366
5203	2531	0.083537
3122	1962	-0.042901
3529	2292	-0.053313
4696	5362	-0.091289
3930	1879	0.002918
4648	4642	0.070458
3715	4905	-0.235042
1920	4529	-0.053299
2123	4244	0.037372
1922	4611	0.088334
4939	2721	-0.018062
2507	3681	0.083912
3343	3369	-0.048371
4496	3817	-0.287800
5360	2346	-0.069623
4020	4367	-0.095100
2223	3144	-0.143732
2548	4571	0.044929
4674	4244	0.105508
3741	4667	-0.051977
3247	4892	-0.059274
1960	2533	0.075944
1637	3074	0.032999
4279	3186	-0.040990
3649	4008	-0.021763
5264	4079	-0.187847
4156	4439	0.126899
4349	2183	-0.035021
3115	2574	-0.193505
3184	3127	0.017274
3678	2435	-0.129427
5297	3556	0.024624
2755	2856	-0.018180
5617	3350	-0.096719
2624	4267	0.121949
3467	3478	0.347908
5115	4047	0.118806
2609	4902	0.121602
4108	1412	0.077842
3925	5463	-0.076863
3945	2523	0.216740
4270	2807	-0.030736
1794	4537	0.010069
4807	3428	0.214531
3133	2168	0.174500
3442	3061	0.015987
4687	4155	0.109453
2445	3764	0.291578
4836	3937	-0.170386
3277	1593	-0.004259
1885	3264	-0.023317
4890	1838	0.042058
3073	3270	-0.045029
3636	1964	-0.092925
2028	4377	-0.045589
2340	2031	-0.020830
3209	1637	-0.132475
2863	2344	0.072259
4280	2995	0.081159
3971	4464	-0.083037
2743	5037	0.015071
4773	3106	-0.075447
4085	1478	-0.052133
4290	4117	-0.035997
2677	2435	0.201337
3526	1396	0.190170
4635	3024	0.199740
