# aperflux run Wed Sep 16 18:34:57 2020, aper=1.50, sigclip=5.0
# x y flux
2683	1214	-0.071061
2823	3204	0.031735
4823	3099	-0.253861
2792	1720	0.346408
4736	2922	0.215250
3849	3877	-0.001681
1178	3418	0.089490
3973	3746	0.082531
2019	3069	0.621049
2981	3624	0.057746
3966	3150	0.096667
3581	3595	0.602191
4651	2740	0.790910
3432	4389	-0.091003
2148	4227	0.375389
1769	4345	0.511857
1695	1925	0.206904
1774	4318	0.231141
3166	1386	-0.010755
3196	1488	0.132740
2738	1665	0.020017
4738	1888	-0.126016
2950	3278	0.083709
4990	3359	0.182473
2432	3266	-0.472806
3945	2087	-0.209310
2593	2205	-0.037497
1407	3474	0.483892
2794	1569	0.046071
3267	2850	-0.050715
2087	3140	0.418590
3870	4609	0.370465
2745	2759	0.207963
2681	1975	0.469760
2989	2320	-0.024148
3626	3219	-0.466697
3253	3117	0.118103
1558	2942	-0.279596
2496	1650	0.181441
5135	3303	0.544535
1121	3280	0.296802
3277	1211	0.362992
3269	1307	-0.054044
3353	2635	0.987177
2997	3783	0.303846
2841	3428	0.364182
2692	4483	0.082587
1880	2010	0.075349
1914	2335	-0.299012
2591	3158	-0.260825
1230	2486	-0.362891
2827	3511	0.593563
1359	2728	0.032308
2030	3555	-0.397741
2181	2149	0.099774
3200	1919	0.205337
2786	3362	-0.358623
3946	1497	-0.042486
4558	3800	-0.025718
1605	3310	0.336576
1081	3201	0.244552
3431	1131	0.083516
2339	3819	0.147808
3486	1038	0.336380
1953	3070	0.517802
3292	4027	-0.203594
3489	1788	0.407565
2126	1663	0.306294
3538	1421	0.025523
3918	2380	0.251644
2683	4805	0.233600
1818	2297	-0.115269
2214	3466	0.489747
2808	1561	0.065884
1940	2039	-0.387234
3507	2756	-0.068557
1166	3188	-0.018075
2865	3939	-0.057099
3154	3097	0.179203
1756	2513	-0.203600
3211	3049	-0.038024
2909	3272	-0.174453
1962	1454	-0.062463
3628	4601	0.053931
1388	3396	-0.143783
1407	4020	0.110635
3616	2708	-0.167663
1245	2823	-0.107981
3813	4169	0.373607
3504	1067	-0.105310
3646	1259	0.171748
3189	2324	-0.157671
2489	1292	0.438403
2291	2732	-0.296142
3847	2480	0.421916
2438	4268	-0.335613
1485	3534	0.802775
3602	1388	0.136979
4587	3735	0.190155
1978	3948	0.183356
4687	2281	0.277088
3448	1989	0.228114
3223	2356	0.380018
3967	3503	0.044404
2525	3699	0.062676
1979	2622	0.174951
4778	3103	-0.203594
1251	2899	0.368907
2591	3992	0.280645
3172	1477	0.289749
4152	2314	-0.061520
2895	4080	-0.027297
4479	2738	-0.034616
2440	4109	0.221364
3678	2460	0.257992
1890	1938	0.210227
3499	4599	0.230735
3255	4238	0.021951
2149	3805	0.221244
1889	1892	0.022442
4471	2164	0.169371
3135	4828	0.560843
3504	3122	-0.120624
1265	3179	0.120828
1872	1501	0.629431
4094	4080	1.272839
3355	4866	0.384334
1601	3335	0.097817
2020	1390	-0.222829
2748	2027	-0.046590
2706	3415	0.052397
2660	3659	-0.192113
1357	3283	0.103870
4029	2159	-0.004383
1405	3879	0.118088
3513	2273	0.169102
4723	2035	0.120234
1951	2040	-0.028302
3058	4219	0.250187
3970	3402	0.390706
3230	4955	0.564104
2063	2571	-0.166230
3368	3311	0.151557
3155	2490	0.198797
1801	1762	-0.343336
3665	3979	-0.340709
4328	2209	0.120816
3057	4705	0.116095
1234	3849	-0.177752
1787	1984	-0.137752
3272	2279	0.117818
4609	3193	-0.219297
2720	1925	0.066895
2669	4364	0.157690
1645	3252	-0.152012
1361	2329	0.343066
3916	2270	0.176863
4911	2995	-0.173451
3964	1696	0.392999
3985	3553	0.043616
4883	2266	0.423356
1233	3841	-0.268618
4771	2834	0.003326
2305	4112	0.100082
3624	2356	-0.073007
884	3390	0.015216
2486	2866	0.052874
2673	2663	0.376562
2400	1677	-0.091519
2622	4326	0.023240
2173	3364	0.349749
1966	3213	0.462718
3537	3729	0.134997
2407	2184	0.377154
4696	3069	0.460791
2148	1678	-0.087958
3472	3566	0.453771
4676	2910	0.041848
2917	1625	0.099353
4477	2662	0.050947
4228	1847	0.375770
3373	4219	-0.059328
3044	1105	-0.117030
2609	1934	0.258752
2411	4450	-0.033204
3082	4076	0.249154
1773	2775	-0.143181
3276	2645	-0.303789
1964	3362	0.454814
1252	3493	0.223170
2329	1708	-0.158098
3490	4173	0.138999
4981	2313	-0.089952
3586	1757	-0.131654
3497	3031	-0.024571
1891	3633	0.448821
4215	1722	0.509450
3344	4797	0.254243
3061	3757	0.037877
2483	1303	0.443893
3129	3594	0.236070
2141	3508	0.411670
3149	2897	0.285024
4197	2856	0.356248
5178	3404	0.063134
3330	4258	-0.018466
4997	2671	-0.640465
3605	1530	0.203001
1574	2000	0.248533
3674	3108	-0.176046
2117	1552	-0.003463
1820	2283	-0.015063
4844	2591	0.023742
2768	4112	0.380518
2910	4416	1.175642
3033	4034	0.095404
4064	1954	0.113239
2200	2711	0.039265
3714	1083	0.370026
4118	3740	0.349200
5142	2991	0.222185
3402	2867	0.348504
4225	2412	0.225154
1987	3387	0.179071
4274	3676	0.002858
2382	3019	0.161314
3721	2763	-0.004684
2321	4245	-0.079410
1399	2957	0.248140
3324	1954	0.182062
1668	3769	0.551879
1991	2193	-0.139677
3744	1271	0.208113
3607	4617	-0.244624
4686	3496	0.325155
2664	3000	-0.352183
2694	4269	-0.328572
2065	3842	0.307139
4432	3406	0.388581
3087	1143	0.018930
1702	2560	0.271536
2852	3067	0.062129
4156	4560	0.586532
2626	3732	0.085777
2807	4029	-0.064465
2767	2930	0.082623
1894	2889	0.097713
1881	2846	-0.353430
1930	3166	0.108837
1692	2911	-0.136900
3268	1734	0.292858
2533	1387	0.386105
4202	3554	0.253507
810	3697	-0.246554
1930	2241	0.092493
3017	2601	0.399508
3070	2985	0.434785
2189	4390	0.482926
2782	4320	0.475041
3314	1713	0.268432
3232	2947	0.174873
2237	1246	0.144984
4010	2968	0.308985
1901	3983	0.433838
2262	2244	0.376850
2287	1969	0.372571
4423	3577	-0.522559
1010	3341	-0.110344
3499	2965	0.088706
3629	1584	0.213439
2913	2266	0.384212
3850	2334	-0.346058
2478	3395	-0.251283
4735	3968	-0.262185
1851	1763	0.411038
2026	1603	-0.040897
3609	942	0.442591
4511	2978	-0.121197
4246	1643	0.455765
2565	2876	-0.137770
2574	3029	-0.130123
2730	4600	0.474950
2422	1319	0.367304
1703	3251	0.015323
3137	3450	0.078353
2082	2708	-0.289484
3183	1881	0.134023
3511	3928	0.097359
4691	2986	0.371085
3677	2481	0.449831
2319	3667	-0.161598
3262	3078	0.278978
1989	3535	0.820597
3090	4534	0.127853
4889	2097	0.678946
2758	1608	-0.004282
3552	2432	-0.108964
2099	2024	-0.222755
3954	1645	0.173539
4063	3572	-0.077676
2803	1530	0.095321
3500	1352	0.375139
2879	4051	0.388697
3867	2037	-0.247169
1955	3079	0.166045
5054	2803	-0.085085
4960	2425	0.231341
2528	2579	-0.157576
3396	1295	0.033956
3211	4639	0.015555
3292	4523	0.278728
5261	3370	0.301535
3201	1367	0.421424
3655	3631	-0.027240
5119	3314	0.194954
3574	4053	0.304354
2841	3182	-0.091476
2767	3291	-0.135249
2989	3759	0.284564
3548	4625	-0.150632
2438	2420	0.351286
4702	2417	0.150838
2353	4442	-0.454312
3694	1812	0.289429
3692	4499	0.267285
2304	4030	-0.044993
2051	3907	-0.144989
3458	1827	0.287586
1601	2286	-0.117484
1744	2527	0.144288
3525	3764	0.176531
2878	2617	-0.126100
3271	1267	-0.015132
2965	4617	0.001876
3414	4263	-0.019193
4223	2730	-0.217377
2248	4440	0.723654
1327	3464	0.324194
3784	1258	0.155789
3768	3180	-0.047976
1582	3287	0.575391
2818	4311	0.180906
4325	2818	0.295444
1913	3123	0.140357
4813	3006	0.260364
4156	2906	-0.120236
1068	3253	-0.133330
3602	4006	-0.366468
4707	3781	-0.428769
3004	4298	-0.044335
2388	4354	-0.064214
3501	1788	0.569027
1937	3105	0.093552
1300	2906	0.341359
2636	3604	0.280213
1795	3988	-0.098951
2906	4547	0.141797
2785	1245	0.141778
1288	3027	0.125165
2527	3972	0.105363
2623	2373	0.234993
2306	3463	-0.106445
4019	3744	0.496212
3715	4364	-0.335746
3618	1834	0.116802
3829	2054	0.224520
3587	3075	-0.160874
4257	3850	0.037781
2327	3478	-0.111163
3664	1484	-0.398671
3733	828	-0.119322
3186	4532	-0.146169
4263	1734	-0.075772
2096	3998	0.504846
1240	3110	0.462237
2718	3924	0.570124
1261	3063	-0.109625
3399	3649	-0.094688
3965	2843	-0.257863
3914	3315	0.091930
1674	3937	0.114850
3181	4922	-0.113721
2840	1347	0.184911
4408	1779	-0.252015
4165	2425	-0.230567
1541	1973	-0.096221
3616	3064	0.120897
2077	3651	-0.117994
4157	3357	-0.350553
3620	3542	-0.276521
2751	1576	0.128748
2265	1504	0.335601
4921	2976	0.057856
1896	1757	-0.103383
3711	2986	0.699725
3152	3174	0.385262
1696	2491	0.401742
3712	2988	0.587388
1279	3283	0.501952
1207	3133	0.178711
4797	3244	-0.056910
4024	2934	0.473263
4098	3889	-0.398899
3395	1597	-0.297157
4389	2606	0.119796
3595	1395	0.127048
3379	2742	0.015383
2335	4263	-0.421256
2798	1917	0.094938
1675	2296	0.068623
3650	3486	0.208943
4917	3755	0.177219
3045	2341	0.310161
3116	2998	0.168362
2492	1129	-0.000866
1853	3599	-0.475490
4213	4300	0.435704
4246	3739	0.125638
3276	3288	0.297569
2842	3441	0.403991
4802	3856	0.037925
3117	3396	0.490861
2491	1863	-0.109686
3430	3622	0.108194
3674	3621	0.340364
3828	2013	0.001460
4571	1755	0.102278
1637	4138	0.191695
2532	2468	0.463201
2565	4520	0.283064
1847	3197	0.151196
3833	3909	0.226546
4593	2129	0.193108
3635	1466	0.227954
4391	3578	-0.117951
4825	3479	0.127355
1622	4032	-0.002441
3710	2197	0.247391
2898	1745	-0.245032
4502	3445	0.250089
4799	3591	0.177344
2742	2728	-0.022655
3097	1319	0.178122
1794	4303	0.354009
4608	3213	0.441824
3877	4526	0.234837
2674	2845	-0.108342
3075	3628	0.240844
2121	2082	0.373058
2833	1796	0.108466
3097	4182	0.410467
4238	3908	-0.072604
3626	4631	-0.344692
2630	3935	0.001649
2236	3759	0.121118
2291	3764	0.059949
3772	4496	0.012890
2221	1443	0.385961
3993	4234	-0.098558
1678	1829	0.293256
4340	3054	0.114012
3335	4284	0.145029
4881	2866	-0.080190
4863	2272	0.363954
2664	1555	-0.121812
4620	1704	0.445469
4875	3326	0.120538
1135	3679	0.214277
1315	3055	0.007650
3013	4065	-0.059032
3501	1201	0.533817
1857	2514	-0.091006
4268	2923	0.025908
4264	4184	0.104151
2982	3736	0.510161
3492	3016	0.032855
2932	3463	0.074963
3004	1361	0.390304
4264	3748	0.056576
3611	3398	0.020092
2339	1155	0.227818
2410	2506	0.112613
5200	3187	0.160537
3861	2115	-0.353663
3390	1646	0.431884
4780	3477	-0.065893
4673	3893	0.070104
3799	4178	0.183320
2373	2714	0.154313
4812	2984	0.247377
3349	4877	0.248774
4551	2307	-0.007998
2455	3179	0.063223
1560	3370	0.305082
2164	3885	-0.051296
2746	4045	0.328873
3719	2591	0.062518
3821	2029	0.233821
4640	3138	-0.234419
4181	3525	0.246817
2115	2560	0.142214
3746	1741	0.657248
3692	2416	0.207132
3820	4447	0.181514
4006	2163	0.341953
2720	4057	-0.107442
4713	3794	-0.238932
2351	2127	0.245340
3663	2225	0.132286
1520	3771	-0.021343
2937	2555	-0.228551
1680	3173	0.339908
3609	1175	0.362909
3363	1291	0.193395
3669	3035	-0.098410
3932	4745	-0.147671
3066	2897	-0.004337
4480	3213	0.299575
1223	2564	-0.013597
3572	3037	0.259620
3522	1495	-0.197012
2313	1169	0.308920
2027	1358	0.169312
2083	3317	0.114671
2817	1835	-0.155227
3776	4222	-0.122953
4064	3388	0.170901
2338	2171	0.230581
1722	2205	-0.015993
1457	3147	0.189255
3942	2635	0.342798
1724	4052	0.147201
2514	3618	-0.374412
2137	3592	0.027291
2027	2191	0.223133
1195	3221	0.572480
3184	4439	0.309396
4338	3165	-0.225926
1929	3630	0.117618
1857	1714	0.053271
3261	3566	0.183426
2793	3324	0.067782
2670	4424	0.272657
4730	3500	0.411113
4125	4300	0.322290
3859	2308	-0.299652
2326	3417	-0.428591
2063	2764	0.430599
3408	1239	0.215915
3646	1632	-0.036386
3670	3404	0.270951
2251	1299	-0.056728
2740	2520	0.456535
2073	2761	0.422491
2787	2344	-0.508250
4239	4535	-0.135576
2432	1255	0.095908
1636	2305	-0.028173
2330	2982	0.125965
2462	1070	0.411158
2723	1261	0.109961
3679	2768	0.307355
3228	3914	-0.008070
2370	1165	0.345112
1185	2872	0.243488
1789	2080	0.008196
5048	3327	0.132688
4568	2508	0.267888
3602	2646	0.103642
2043	1977	0.182365
2558	3858	-0.052837
4151	3617	-0.152877
3521	4556	-0.076250
4684	3952	0.416503
1995	3137	0.010213
3832	1312	0.142371
3360	1250	0.328971
4979	3323	0.547159
2808	2341	-0.318450
4222	1931	0.655170
4220	3127	0.129618
1359	2350	0.549080
4443	3553	0.242724
1825	2824	0.278063
3145	4358	-0.131049
4102	1941	0.085232
3708	1944	0.073634
1587	3280	0.342226
4290	2723	0.192000
1399	2637	0.154485
3748	1115	0.134249
2993	4038	-0.047895
2000	4366	0.499178
1929	4199	0.052973
1500	2846	-0.202045
3047	4029	-0.089364
4112	3439	0.050224
3001	2687	0.215076
4704	3563	0.028664
2684	3805	-0.250087
3571	2884	0.646950
2309	2199	0.193876
2852	3774	0.163121
3900	2636	0.271049
2492	3216	-0.568084
4791	2420	0.238513
2633	4216	0.237975
1934	1807	0.083005
5150	3053	0.547431
1107	3657	0.672183
3382	1489	-0.150915
3079	1820	0.307055
2693	4472	0.277799
4119	1452	0.116774
4439	2173	0.445619
3554	933	-0.013766
3948	3650	0.227039
4571	3351	0.249450
4083	3704	0.298965
2489	1172	0.413721
3630	1906	0.266672
3596	2421	0.293143
3094	3286	1.128047
4630	1745	0.670238
2343	4025	-0.543046
2700	4714	-0.059342
4807	2960	-0.206565
4726	2957	-0.003527
4995	3011	0.044196
3883	3766	0.119942
4426	4180	-0.231689
4465	3535	-0.257368
4029	2408	-0.282654
2588	3910	0.104594
4772	2499	0.128941
3328	4059	-0.007729
2084	3112	-0.022331
4218	2142	-0.153533
3459	3344	-0.237061
1439	3068	0.369257
3812	1942	0.335300
2394	3840	0.353572
2018	1796	-0.023932
2944	3274	0.180654
3961	3554	0.034038
4779	2480	-0.111644
2004	2470	0.031819
2870	3617	-0.168099
2569	4190	-0.196426
3005	1314	0.463759
3673	990	0.849176
3003	4639	0.101585
1687	1842	0.225010
3277	1314	-0.081574
3185	3092	-0.074661
2223	1209	0.322088
4534	3013	0.142432
3360	1581	0.490217
2030	1986	0.392227
2832	2922	-0.292068
3185	1368	0.259339
1576	3868	0.569453
2335	1119	-0.035295
3840	2425	-0.199644
1373	3484	0.053884
3488	4458	0.056810
4173	2286	0.149859
4204	2275	-0.153617
3548	3174	0.096780
3285	2580	-0.216562
3166	3796	-0.271606
3630	3069	0.123068
3397	1231	-0.123281
2229	3161	-0.225249
5064	2151	0.756979
3389	3907	0.188744
4879	1741	0.064025
1854	2123	-0.247190
4760	3273	-0.022139
2187	3737	0.313532
2617	2569	0.308000
1515	2403	0.344488
3770	1498	0.291463
4868	2956	0.292573
5002	2482	0.240988
3443	2736	-0.272471
2386	4347	-0.273425
2646	1164	-0.051245
4771	2201	0.046650
4064	4225	0.472363
2299	3066	-0.075161
2706	3322	0.150735
2009	1947	0.505237
4681	2884	0.263003
3255	2034	0.292491
2004	2726	0.195008
1767	3332	-0.353233
3871	2782	0.082389
1482	2370	0.180883
4078	3509	0.012299
2040	4193	-0.040350
4705	1835	0.247897
4471	3755	0.182413
3704	3130	-0.179560
4035	2730	-0.162846
4240	2529	0.489628
2269	2984	-0.046536
2515	2514	-0.091323
3045	4579	0.254291
1851	1860	-0.049551
2692	3515	0.230020
1967	1685	-0.056853
3703	1757	0.109232
3761	1232	-0.025619
3778	4600	0.198189
3102	4755	0.030484
3282	3835	0.018459
2916	4244	0.043157
3389	1538	-0.324116
3555	2907	-0.165460
1880	1900	0.361565
1810	2086	0.142548
1780	2687	0.110589
2758	4128	0.064327
3359	3586	0.221873
3402	2195	0.245495
1198	2870	0.303631
1522	3496	0.135795
3797	2930	0.399208
3802	1712	0.096338
2278	3539	0.135784
2653	3884	0.092671
3645	3438	0.120313
4914	2899	0.133779
3067	4043	-0.091782
4723	2587	0.128515
1681	2748	-0.023159
2446	1281	0.604375
4845	2666	-0.512334
3020	1956	-0.260779
3070	4620	0.126599
2636	2409	0.020252
3760	4315	0.077285
5173	3114	0.448657
2377	2862	0.223644
2284	2381	0.207893
1564	3600	0.549559
3092	1497	0.382948
3069	4314	0.008490
2395	2012	0.207055
4710	3259	0.072825
3676	3463	0.269930
2029	2149	0.205192
5075	2735	0.210595
2322	2532	-0.265698
3345	4619	-0.059407
2917	3138	0.158344
3217	1210	0.009342
2325	1775	0.166466
2252	2334	0.302472
4540	3693	0.011638
4443	3522	0.162071
1954	2609	0.026220
2267	1515	0.094698
3038	4028	0.173413
2285	2358	-0.086189
2459	4067	-0.139626
3621	1950	0.260068
3169	4093	0.191030
2929	3787	0.419836
2456	4088	-0.233984
1975	1289	0.454945
2689	4620	0.263437
1617	3142	0.298669
4402	3550	-0.378684
1554	3223	0.183844
4916	3806	0.363196
3129	4018	0.285979
4732	2292	0.161286
4394	3534	-0.166427
4380	1912	0.104839
2628	3930	0.056188
1688	2464	0.463813
2457	2095	0.189878
4533	3326	0.395136
3299	2893	0.205810
3327	3388	0.017409
3638	4191	0.012849
4684	3589	0.532754
3193	2829	-0.356613
4905	3360	0.143916
2490	4328	-0.345894
4208	2548	-0.358185
1606	2707	-0.136977
5016	2391	0.327857
3447	2027	0.001523
3521	2731	-0.307914
1791	4062	-0.231015
1541	3671	0.158461
4772	2009	0.322489
2674	4048	0.305893
3205	3929	0.083346
3981	2046	0.139765
2906	1680	0.169320
2416	2396	-0.279209
3572	1504	0.224158
3049	3510	-0.027975
3066	3775	0.264640
3182	1203	0.257553
2603	4603	0.055004
4139	2618	0.318331
3771	2703	0.409779
1483	2500	-0.135587
3713	3262	0.269420
1879	3000	0.124844
1378	3654	0.219464
2434	1569	-0.032294
2854	2822	0.689408
1047	3707	0.567826
2058	3935	-0.015830
2742	1149	0.413086
4113	1576	0.244416
3902	1304	0.326067
4516	1914	0.626860
1472	3887	0.453074
3020	3160	0.354401
4749	3380	0.241981
3834	4760	0.093318
1895	3559	0.267786
2637	1401	1.216676
1994	3790	0.268465
2593	2904	0.227476
2196	1981	0.361673
1850	1731	0.108477
4270	2004	0.167780
1483	2315	0.694413
4608	3033	0.349623
2811	2080	0.391472
2479	1905	0.206437
2478	2543	0.126188
2655	2312	0.330989
4897	3332	-0.076674
2062	1961	-0.158908
1661	2414	0.007893
1220	3126	0.218092
2601	4307	-0.074919
2608	2011	0.144937
2994	3573	0.205729
3606	4529	-0.030637
1671	2772	-0.078885
4335	2985	0.201466
4523	2370	0.210213
3262	1394	-0.067421
2111	2315	-0.411073
1910	1943	-0.071142
1711	3724	0.022763
4058	1168	0.169516
2094	2713	-0.224552
4463	2305	0.394737
2829	3072	0.404300
4083	3465	0.240762
3283	3366	0.114626
4247	4322	0.183890
3356	4083	0.792498
1857	3633	-0.056805
1929	1348	0.077173
4603	2831	0.348080
1381	2595	0.072692
2691	3971	0.264645
4400	2492	0.266117
3295	3214	0.238637
1723	2309	-0.066132
1606	3775	0.358567
4206	3594	-0.082134
3215	4153	0.061894
3193	2879	0.455964
4726	1870	0.161277
1751	2266	-0.311078
4195	2895	0.355662
3391	1623	0.131438
2994	3924	-0.005626
4043	2743	-0.011681
2683	1865	-0.103781
4283	1831	0.129729
3255	1389	-0.299785
4182	4068	0.351535
3931	4616	0.217617
2327	3466	-0.233936
1911	3442	0.190207
1992	3869	0.594108
1728	4037	0.172433
5085	2107	0.384561
3894	1260	0.296363
1589	3963	0.351064
1341	3993	-0.546181
4737	2684	-0.397181
3531	1660	0.149909
4750	1718	0.251843
4282	3127	0.082587
1904	2100	-0.309230
3072	1357	0.119099
3487	2578	0.429960
3898	2510	-0.274786
1960	4328	0.568911
1515	2108	0.035645
3127	4662	-0.224119
3586	4737	0.225497
1869	3481	-0.306865
4063	2481	0.215573
2628	1476	0.317674
3347	4538	0.288431
1452	2474	-0.317281
2479	935	0.155197
4387	3575	-0.221207
3459	1500	-0.260849
3737	3981	0.259627
4424	1971	-0.069404
4793	3381	0.478411
3059	3287	-0.388459
2470	1254	0.851785
3423	2806	0.165157
4059	1972	-0.176358
2530	1511	-0.484020
3108	2168	-0.121470
4809	2051	0.244881
2359	3713	-0.268503
2548	2788	0.123102
2555	1086	0.106937
3629	3559	0.204657
2109	1988	0.638731
2315	2470	0.499450
1632	2021	0.571477
3838	3406	0.072851
3220	2736	0.583050
3187	2040	0.439427
2462	2853	0.164127
3327	1344	-0.116604
4097	3879	-0.204606
3169	3589	0.481468
4267	4161	0.158256
2239	2959	0.327778
2230	3618	0.046763
3697	1374	0.251555
3346	3097	0.523145
4940	3648	0.113184
2559	4196	-0.110410
4426	2775	-0.243336
2553	1333	0.232379
1781	3937	0.120497
3394	1559	-0.393271
3311	4302	0.318524
2706	4718	-0.063782
3817	4750	-0.076493
3963	1598	-0.199961
1206	3030	0.508670
3892	1889	0.328104
4324	1978	0.103788
1318	3421	0.046559
3570	3014	0.224720
4927	3729	-0.058598
3969	2713	-0.409764
2827	2133	0.062871
4515	1964	0.275884
1883	2977	-0.136849
2665	4365	0.135502
4070	2377	-0.115926
1686	2643	0.263905
2435	4100	-0.070497
2207	3433	0.296882
4992	3272	0.139945
3731	3432	0.247850
3259	3887	0.719660
1815	1757	-0.189178
2048	3277	-0.008641
3555	3960	0.232901
1486	2254	-0.095500
2042	4341	0.451348
4083	3040	0.183828
2656	2185	0.138297
3336	1348	-0.225749
3542	3232	0.521209
2811	4716	0.132432
2705	1775	0.309091
2501	4081	0.179025
2803	2481	0.352225
3101	1524	0.838109
2485	1387	-0.271201
4721	3210	-0.144392
2629	1833	-0.177250
3174	3659	0.013315
1264	2468	0.567695
3002	2443	0.584665
1322	3845	0.505377
4507	3467	-0.231392
1268	3813	-0.056483
3875	2122	-0.281582
4422	2026	-0.018704
1559	2667	0.388175
2205	3196	-0.171408
3419	4684	0.032637
