# aperflux run Tue Sep 15 23:55:01 2020, aper=1.40, sigclip=5.0
# x y flux
2979	1644	-0.013058
1937	2167	-0.475691
1642	1752	-0.029942
1732	2846	-0.386842
2117	922	0.147486
1751	2621	0.005137
1154	1864	-0.059533
1525	1731	0.041906
1353	1946	-0.071117
1070	2124	-0.124914
1833	1363	0.069816
1951	1561	-0.369787
1301	2059	0.048321
1924	1376	0.068462
2513	2175	-0.212126
2160	1013	-0.082927
1347	2317	-0.044757
2552	1413	-0.335015
1291	2433	-0.243587
2035	1768	-0.156719
1718	3268	0.110134
1218	2128	-0.011858
2285	2143	-0.008952
2557	2056	-0.082928
2060	1510	0.041518
2544	2594	0.261836
1577	2269	-0.078328
2532	1447	0.054824
1012	2238	-0.064405
1793	2577	0.383121
1684	1434	0.157110
1798	1654	-0.161429
2408	2709	-0.078652
1238	2325	-0.189817
2496	1861	0.027581
2209	2474	0.359464
2243	2954	0.224828
1780	3171	0.012595
2003	1269	-0.197497
2614	1841	-0.111390
1735	3264	-0.107433
2474	2198	-0.145640
1451	2176	0.261940
1251	2342	-0.031394
2770	1738	-0.059893
2098	2166	0.018402
2145	2277	0.158456
2199	1640	0.294085
2410	2148	0.001033
1838	1297	0.031825
2007	1291	0.131859
1074	2032	-0.100652
2029	1493	-0.093667
2411	1700	-0.006796
2414	2472	0.060051
2231	3024	0.066345
2398	2677	-0.124283
1563	2030	-0.303486
2135	2740	-0.154890
1926	2234	-0.360229
1370	2703	-0.081185
2572	1771	-0.116562
2114	1354	-0.077762
1716	2203	-0.398635
1033	2049	-0.244138
1664	2862	0.015106
1496	2923	0.034882
1354	2272	0.047610
1594	2220	-0.226254
1834	3142	-0.264965
1249	3091	0.133033
1286	2037	0.050322
1731	2246	-0.032457
2127	987	-0.121062
1750	2856	-0.172078
1835	2187	-0.056290
1377	2827	-0.102965
1734	2172	-0.285902
1561	2182	-0.267198
2210	1053	0.036523
2141	2296	-0.038039
1958	2306	-0.156131
1323	3181	-0.012969
1174	1880	-0.320936
2286	2619	-0.149078
2533	1729	0.208434
2058	1106	-0.130540
2161	2305	-0.066023
1440	2007	-0.324627
2468	1944	-0.249797
1868	2088	-0.316279
1886	2855	-0.134500
2839	1838	-0.151375
1235	2883	-0.055253
2120	2063	-0.083117
2092	1090	-0.118860
1873	3069	-0.083576
1624	1920	-0.102636
2299	1732	0.001009
2145	3019	0.252807
2261	1845	0.097990
1420	2919	-0.314191
1881	1249	0.170994
1879	1803	-0.173109
1977	1459	0.038296
925	2464	0.122513
2050	2304	-0.392680
2276	2328	-0.360037
2242	1824	0.019615
2296	1359	-0.224138
1678	3184	0.045735
2217	2036	-0.211658
2100	1348	0.009651
2116	2169	0.007442
1828	1941	-0.327148
2429	2184	-0.030913
961	2142	-0.107347
1923	1614	-0.075902
1036	2272	-0.266602
2072	2854	0.025637
2087	1147	-0.029051
1819	3031	-0.115039
2109	1699	-0.357157
2356	1576	0.394301
2200	1037	-0.068320
2067	2952	0.108366
1560	2142	-0.088533
1511	2303	-0.073240
2501	2365	0.011896
1155	2686	-0.200762
975	2148	0.013492
2539	2577	0.058854
2066	1173	-0.128962
1731	1864	-0.405413
2585	2115	0.179817
2411	2998	0.127997
2053	1665	0.019372
1836	1918	-0.313699
2215	1704	0.075764
1350	2018	-0.121404
2069	1456	-0.128397
1640	1924	0.196675
2483	2591	0.004200
2051	2130	0.043841
1638	2078	-0.544412
1937	2814	-0.213646
1851	2489	0.163007
1703	2551	-0.112337
1691	2267	-0.779427
2414	1208	-0.084672
1053	2488	0.014705
1370	1988	-0.112675
956	2418	-0.052913
1632	1980	-0.111812
1955	1811	0.084174
1999	2927	-0.047892
2330	1787	-0.109764
1670	3156	0.179309
2383	1740	-0.007259
1404	1757	-0.167435
1700	1492	0.142431
1068	2662	0.469541
1299	2009	0.086124
1361	1710	-0.044209
1330	2691	-0.464252
1536	2980	-0.202734
1757	3071	-0.263891
1083	2673	0.828183
1287	2479	-0.286594
1673	2079	-0.331930
1313	2493	0.121204
1031	1874	-0.079827
1293	2064	0.029947
2481	2215	-0.404027
1991	2646	-0.105478
2289	1072	0.223265
1427	2966	0.129044
1273	2432	-0.169439
1244	3075	-0.310063
2046	2941	-0.158126
2127	1696	-0.292402
2321	2647	0.168867
2215	2667	-0.063881
2362	1877	0.058956
2317	2138	-0.278756
2482	2209	-0.235213
1465	1846	-0.020037
1682	1373	0.117395
1719	2895	-0.135107
2810	1787	-0.077456
1337	3142	0.154246
2179	1760	-0.153222
1422	2236	-0.276265
1960	3015	-0.049924
1580	3153	-0.171233
1907	2866	-0.148380
1287	2154	0.515350
1739	3109	0.138628
2339	1119	-0.020819
1089	2323	-0.061276
1421	3152	-0.079906
2332	1796	0.055017
1081	2186	-0.098761
1048	2567	-0.181612
1842	1953	-0.357671
2237	1704	-0.278770
2297	1818	-0.055172
1342	2402	-0.225273
2588	2521	-0.019436
2411	2883	0.241521
1155	2049	-0.280863
1193	2427	-0.284618
1032	2510	-0.087484
2339	1520	-0.078106
1773	2369	-0.521269
1175	1967	-0.116869
2093	1619	-0.152068
2395	2813	-0.176683
2128	1827	-0.140779
2399	2118	0.045240
2101	1393	-0.208094
1087	2172	-0.224957
1598	2289	-0.292693
2168	1899	0.011087
1642	3057	-0.167256
2535	2571	0.035415
1441	1823	-0.142619
2036	1149	0.089057
1454	2743	-0.056694
1930	1168	0.238820
1144	2999	-0.452148
2371	2192	-0.215457
2360	1560	0.134021
1480	2577	-0.133211
1055	2321	-0.030626
2385	2976	0.060278
2087	3006	0.106390
1556	2036	-0.097595
1624	1750	0.041685
1975	2858	-0.080885
2218	2601	-0.133675
2044	2512	0.073329
2246	1617	0.119047
2017	1115	-0.112549
2312	2086	-0.068878
2625	1960	-0.042886
1409	1881	-0.004657
1822	1667	-0.205495
1168	2104	0.031890
1929	1277	0.232390
1797	3133	0.018932
2315	1058	-0.121908
2115	1709	-0.286369
2455	1621	-0.096468
1918	1199	-0.340376
1565	1935	-0.409925
2500	1274	-0.009704
2446	1468	-0.057275
2211	951	0.145923
1797	1600	-0.291299
1442	2092	-0.419225
1863	1312	0.219341
2426	1354	0.203757
1972	1757	-0.081926
1966	1443	0.188898
1333	1846	-0.108623
2850	1557	0.039568
1440	2611	-0.207119
1691	1810	-0.251453
1044	1881	0.002097
914	2199	-0.079108
2218	2934	-0.002130
1209	2681	-0.194731
1379	2216	-0.354728
2138	1548	-0.035230
2416	1278	-0.187986
1894	1640	0.120858
2497	1605	-0.003454
1013	1899	0.016538
1789	3197	-0.001855
930	2235	-0.051865
1146	2864	-0.136722
2089	3036	0.094361
1946	2688	-0.081297
2022	2163	-0.045824
2138	1688	-0.045083
1247	1835	-0.203899
1382	1700	-0.175263
1058	2574	-0.238201
2250	1782	-0.271545
1775	2791	0.016118
982	2532	-0.041537
1027	1947	-0.115792
1233	2022	-0.289088
2310	2625	-0.109610
1642	2097	-0.874405
2425	1847	-0.182805
2689	1901	0.030432
2554	2359	-0.059548
2279	2993	-0.005388
2129	2404	-0.316456
1387	3185	-0.185930
2147	1683	0.049379
2583	1789	-0.109209
1880	3055	0.074084
2602	2625	0.133465
1282	3116	0.098578
2579	2447	0.632998
1965	2177	0.016620
2410	1441	-0.037831
2067	1514	-0.272155
1265	3030	-0.118363
1568	1602	-0.003622
1165	2238	-0.078418
1715	1452	0.083341
1299	2828	-0.334935
1685	2999	-0.132546
2300	1792	0.272869
2291	2704	-0.045326
1897	2870	0.065001
1108	2102	0.390080
2003	1700	-0.117040
1836	3091	0.004755
1635	1672	0.190566
2015	1603	0.028869
2064	2323	-0.316088
2491	1220	-0.037491
2890	1579	0.012435
2563	1911	-0.132294
2123	1160	0.013636
1301	2897	0.301933
1530	1615	-0.010988
1639	1696	0.168275
1228	3106	0.076237
2178	2700	-0.159095
2821	1875	-0.118428
1681	1754	0.307464
1517	1925	-0.229965
2020	2426	-0.314486
1326	2008	0.259516
1997	2906	0.131094
1597	2278	0.005934
2128	2276	0.011320
1460	2893	-0.130062
1965	1714	-0.131248
1410	2092	-0.066841
1004	2266	0.075166
2018	1166	0.028296
1069	2520	-0.259415
1826	1255	0.068126
2128	2001	0.001636
1997	2550	-0.017808
1268	2160	-0.052701
2400	2486	0.215503
2357	1416	-0.186131
2479	2122	-0.055426
2375	1255	0.149639
1976	1423	0.152604
1866	3037	0.036788
1340	2928	-0.175756
1480	2133	-0.119033
1610	2160	0.075692
2270	1738	-0.596032
1770	3107	0.116281
2557	2623	0.136951
1705	2271	-0.685328
1448	2377	-0.092930
1804	3226	-0.051283
2428	2594	0.099868
1214	2709	-0.048000
2101	2010	-0.267238
2424	2789	0.030566
2122	2470	-0.001132
1238	2968	0.198974
2803	1790	0.207713
2501	1722	-0.085119
1920	1779	-0.073491
2501	2697	0.209999
1641	2274	-0.274225
2212	1635	0.371142
1877	3066	-0.015696
2572	2376	0.939648
1459	1736	0.030958
2228	1841	0.293792
1758	2656	-0.033051
1233	2761	-0.253088
2466	2040	-0.003632
1574	1791	0.078061
2525	1244	0.033541
1447	1809	-0.072000
1704	1593	-0.265671
1022	2474	0.088524
1650	3207	0.205629
1701	1638	0.371625
1420	2874	-0.148984
1223	2489	-0.153133
2443	2187	-0.012138
1196	1840	0.164209
2344	2786	-0.052222
1443	2373	-0.338613
2051	1331	0.056696
2316	2909	0.005817
942	2189	-0.105335
1790	1596	-0.301433
2351	1243	-0.020351
2388	2011	0.072305
2180	1342	-0.254247
1093	2033	-0.043041
1033	1862	0.041664
1279	2337	-0.210043
1723	1354	-0.221476
2374	1725	-0.037677
2110	2712	-0.257070
1778	1729	-0.287797
1955	1619	-0.102448
2305	2778	0.097390
1635	2637	-0.057681
2339	2586	0.059368
1402	2809	-0.236593
1228	1952	-0.005261
2122	2101	0.221398
2258	2054	0.012826
1452	2536	-0.357972
1148	2123	0.135079
2252	1352	0.109724
1883	3145	0.153205
1898	1819	-0.115524
2715	1959	-0.149660
1442	1911	-0.137869
1954	1529	0.215912
1681	3192	-0.002396
2265	2115	-0.218018
2633	2540	0.256547
1203	3064	-0.339439
2548	1259	-0.104350
1215	2392	0.100308
1646	2107	-0.720817
1371	1919	-0.033608
2400	1297	0.107864
1434	2206	-0.200074
2043	1760	0.012894
1356	3035	-0.138731
916	2466	0.047758
1814	1534	0.030225
1663	2209	0.273025
2385	1349	0.064785
1531	2809	-0.152122
1262	2082	-0.104811
2823	1826	-0.011050
2562	1408	0.113806
1879	2579	-0.202700
1595	2828	-0.236339
1867	1441	-0.010598
2510	2512	-0.204744
1125	2142	0.185452
2576	1410	-0.077228
1529	2501	-0.207200
2342	2547	-0.195281
1752	1710	-0.118672
2536	1251	-0.220252
1920	1865	-0.013562
1754	1412	0.024750
2161	1811	0.048947
1739	2776	-0.366592
1535	3224	0.300894
1964	1673	-0.068810
2107	2836	0.124751
1502	2106	-0.135473
1255	3096	-0.093857
1950	2537	-0.206790
2192	1458	0.038424
1282	2378	-0.230673
1069	2329	-0.140674
1682	1545	0.015481
1332	2271	-0.119788
2276	1432	-0.367067
2196	1462	0.137607
1396	2229	-0.132225
871	2251	0.290699
2007	1458	-0.022002
1204	2331	0.111766
1694	2814	-0.290497
1463	2004	-0.253329
2280	1736	-0.296661
1511	3094	-0.162241
2082	976	0.005935
2161	1125	-0.007925
1709	1634	0.056788
2107	2972	0.129373
2472	2428	-0.209652
2390	2519	0.224061
2262	1603	-0.072440
2109	2244	0.155484
1037	1862	-0.011493
1798	2933	-0.162729
2269	2284	0.056222
2490	1977	0.076233
1430	2660	-0.434151
2362	1762	0.000132
2082	1986	-0.225719
1950	2508	-0.296868
1985	1746	0.146090
2213	1814	0.289137
2359	2625	-0.098159
1846	1492	-0.159505
2397	2657	-0.115208
1736	1864	-0.413733
2028	3010	0.152541
1718	1368	-0.163895
1231	2327	-0.134660
2447	2153	-0.064620
1556	2769	-0.531320
1824	2392	-0.439833
2136	1823	-0.151636
2211	1207	-0.238350
2127	1309	0.069232
2164	2050	-0.178838
1871	1851	-0.121598
2051	2048	0.020323
1836	1601	-0.132607
2305	1456	0.117104
1527	2948	0.117707
1452	2742	0.007348
2499	1361	-0.324851
1798	2562	0.062536
2836	1577	-0.035841
1378	1882	-0.050840
2420	2512	-0.070074
2476	1222	-0.378268
1883	3125	0.064259
2791	1598	-0.034058
2022	2824	0.129673
1488	2826	-0.232184
1970	1508	0.159391
1435	2110	-0.381843
2217	2837	0.027000
1347	2946	-0.430328
2261	2984	0.127727
1457	2378	-0.133332
1540	2705	-0.026659
1548	3211	0.368118
1082	2169	-0.055985
1638	1632	0.070304
1485	2070	0.014093
1460	2708	-0.121532
1523	2776	0.166552
1345	2339	0.092509
2308	1086	-0.036818
1538	2928	-0.162502
1419	1699	-0.252666
1091	2054	-0.213612
1685	1854	-0.304102
1852	3164	-0.040237
1562	1679	-0.233808
2891	1607	0.165961
1898	1713	0.133727
1190	2281	0.386289
1953	1753	-0.187367
1820	1976	0.610903
1346	2494	-0.507989
1941	2140	-0.412146
2466	2901	0.189859
2329	2618	-0.097185
2517	2817	0.389558
1679	2177	-0.068868
2432	2412	-0.467649
1531	3004	-0.055969
1081	2328	-0.185103
1282	2685	-0.250663
901	2231	-0.102084
1866	1324	0.288714
2101	2229	-0.149453
1307	2095	-0.148560
2131	1250	0.292750
1352	1812	0.104763
1332	3033	0.158319
1594	2363	-0.103563
984	2048	-0.349947
2152	1450	-0.246663
2226	2783	0.052014
1486	2310	-0.183711
1183	2347	-0.032302
1927	1306	0.165700
1936	1550	-0.096369
1842	2568	-0.386235
1080	2267	-0.088498
2316	2239	0.145015
2276	2957	-0.156950
2220	1642	0.738363
1737	3153	0.014305
1066	2586	0.032622
1370	3059	-0.258737
2148	1830	-0.292791
1911	1865	-0.121634
2423	2538	-0.276927
1769	2241	-0.152422
1098	2174	0.119245
2813	1734	-0.204970
2123	1120	-0.048520
1830	2089	-1.303263
2064	1484	-0.314009
1774	1551	0.042270
1675	2415	-0.599499
1874	2184	-0.151015
2156	1607	0.136841
1849	1413	-0.117650
2197	3025	0.141908
2108	2636	-0.214392
2096	2969	-0.012809
2856	1652	-0.120329
2867	1748	0.231014
2067	2076	0.028461
1975	1341	-0.017673
2385	1181	0.364485
2139	1457	0.131245
2575	2329	0.678832
1750	3232	0.012608
1724	1871	-0.450055
2331	2572	-0.150872
2407	3007	0.214404
1964	2211	-0.031598
2223	2396	-0.142825
2348	1842	-0.115810
2560	1436	-0.142674
2153	1151	-0.004562
1818	2848	-0.120336
1534	1574	-0.104239
2238	2899	-0.157408
1943	3009	-0.230683
1634	3149	-0.173222
2354	1090	0.178826
2257	1497	-0.207727
1504	2895	-0.190080
2048	1298	-0.164388
2460	1478	-0.096169
2328	2755	-0.262687
2811	1638	-0.031324
1358	2326	0.198117
1846	2342	-0.376057
1766	2551	-0.292408
1152	2951	-0.196885
1564	2594	-0.403870
2021	1786	0.088369
2156	2042	-0.270908
1857	3073	-0.043655
2132	2238	-0.162164
1918	2380	0.260643
1483	2321	-0.177554
2858	1723	-0.058347
1752	2885	0.088044
1825	2864	-0.202160
1275	1927	0.136319
2129	2941	-0.033784
1292	2535	0.008746
1918	1240	-0.076333
2247	2062	-0.240266
1523	1595	-0.000577
1624	1711	-0.027596
2389	2797	-0.190428
2603	2501	0.122842
1620	3140	-0.219424
2162	1405	0.116178
2111	2538	-0.429938
2221	1913	0.078209
968	2459	-0.173308
1898	1231	-0.173669
1656	2507	-0.163758
2392	2020	-0.174629
2582	1456	0.081353
1984	1820	0.012838
1151	2631	-0.199460
1241	2360	-0.325620
1809	1638	-0.155020
2150	2468	-0.042782
2108	2550	-0.179726
1519	3016	-0.252274
1319	2353	0.054183
2388	2352	-0.061831
1903	1717	0.110019
1002	2140	-0.355841
1838	1408	0.041236
2897	1788	-0.231763
2351	1773	-0.076952
1251	1814	0.003289
2194	1981	-0.215934
1380	2665	0.194026
1123	1914	-0.074147
2358	2106	0.114753
1604	1760	-0.006772
2578	1452	0.044386
1389	2580	-0.459626
1367	2034	-0.051113
2504	2079	-0.112409
2116	2801	0.208048
2573	1919	-0.083448
2262	1427	0.066161
2223	1921	0.041493
1919	2297	0.010514
1042	2119	-0.357980
1152	2373	-0.168931
1896	2197	-0.018230
1681	1499	-0.292034
2338	1601	-0.236431
2365	2501	-0.038798
2291	2739	-0.073507
2183	1913	0.103311
1571	1864	0.057335
1085	2360	-0.157727
2044	2606	0.308061
2267	2907	0.055346
1514	1999	0.150658
2093	2930	0.370496
2193	1499	-0.017770
938	2159	0.039150
2810	1772	0.178336
1618	2182	-0.429371
2059	1511	0.032239
2025	2723	-0.394190
1696	2485	0.241817
1316	2080	-0.053543
1413	1666	-0.084607
2227	1294	0.071858
2247	981	0.024362
2518	2775	-0.112277
1770	1449	0.047897
1726	2624	-0.218635
2093	2560	-0.182882
1290	3125	-0.191910
1558	3128	-0.031051
1954	1133	0.056088
2164	1618	-0.007895
1239	2346	-0.194770
2197	1354	0.085185
1485	2031	-0.060540
2439	2691	0.170138
2088	2484	-0.390126
1399	1685	-0.186649
1298	1788	0.067351
1549	2620	-0.304861
2258	2485	0.441977
1501	3169	0.327368
2386	1199	0.148827
2405	2677	0.127419
1761	1292	0.064282
2138	1922	-0.192992
1950	1234	0.234753
2088	2725	-0.091671
1621	1755	-0.240453
1168	1927	-0.004836
1142	2430	-0.260414
1456	1678	0.134167
2313	1775	-0.177383
2068	2072	-0.034770
1810	2728	0.231255
2626	2396	-0.085834
1122	2783	0.549449
2058	2365	0.056691
1957	1161	0.078058
1452	1662	-0.148720
2240	1535	0.026083
1402	1732	0.043597
2116	2564	-0.218105
2245	2406	-0.252319
1727	1647	-0.067961
2926	1759	-0.111213
1575	1860	-0.069069
2412	1969	0.051301
2183	3025	0.158952
2172	2713	-0.146922
2628	1330	0.078867
1403	3184	0.136447
2146	2727	-0.023916
2018	2694	-0.306658
2120	2537	-0.497012
1006	2497	-0.177620
2426	2222	0.033707
1476	2330	-0.116666
2115	1106	-0.141338
1402	2969	0.215863
1259	2262	-0.431070
2296	2268	-0.217856
1944	1387	0.219637
1044	2391	-0.145633
2393	2007	-0.033089
2344	2207	0.212936
2031	3044	0.727658
2648	2339	0.002684
2132	2276	0.063090
1936	1464	-0.112085
2155	1643	-0.200059
2339	2645	0.133404
1542	1968	-0.067288
1492	2396	-0.456804
1562	1754	-0.047119
2076	2129	-0.007563
1549	2805	-0.192409
2808	1838	0.055345
2646	2044	0.006489
2131	2328	-0.349577
2455	1409	-0.328787
1923	1646	-0.187440
2413	2789	-0.178454
2553	2705	0.035781
2181	2315	-0.165481
1678	2903	-0.061649
1932	2864	-0.206650
1678	1776	-0.080907
1400	3100	-0.014661
2061	1935	-0.059378
2147	1611	0.009907
1921	1207	-0.255170
1154	2951	-0.127788
1765	1279	0.086164
1744	1587	-0.074605
1583	3075	0.188508
2075	972	-0.015881
2298	2719	-0.211041
1289	2463	-0.021834
2619	2573	0.141024
2329	2567	-0.198967
2190	2279	-0.240857
1696	2918	-0.240945
1252	2712	-0.230014
2402	2139	-0.410200
2149	1916	-0.216856
1561	1735	0.056958
1667	1753	-0.091494
1051	2021	-0.263136
1892	1800	-0.105986
1473	2690	-0.282648
1509	2264	-0.009451
2324	2504	-0.284915
2612	1994	-0.049484
2251	2485	0.233817
2883	1620	0.208583
1431	1930	-0.277889
1414	3144	-0.228231
2458	2882	0.027776
2057	1636	-0.002466
2581	1868	-0.222368
995	2501	0.063155
1474	2713	-0.300246
1853	2662	-0.342890
1854	1939	-0.264358
2252	1636	0.036662
1149	1882	0.051687
1133	1828	0.012204
2935	1662	-0.015347
1475	3081	-0.037371
1423	2261	-0.117631
985	2387	-0.405485
2312	2522	-0.170609
1131	2270	0.056611
1697	2925	-0.196033
1894	1147	0.400976
1548	2463	-0.321052
1792	2916	0.041100
1727	2193	-0.298307
1687	1585	-0.449567
2160	1118	-0.096729
2541	2479	0.045763
1713	1534	-0.265087
1968	2446	-0.100507
1560	2607	-0.429316
1694	1878	-0.001073
2057	1141	-0.064410
1369	1946	-0.174251
1910	1337	-0.152862
2075	2986	0.074597
2048	1334	-0.061494
2590	2404	0.250873
2053	1643	-0.006685
2110	941	-0.105490
2187	2710	0.006116
1202	2520	-0.244400
1001	2002	0.206818
1823	1462	-0.110958
1994	1344	-0.161053
2386	2573	-0.076504
2510	2479	-0.039580
1673	2562	-0.376478
2349	2509	-0.187116
2229	974	0.393843
1416	2931	-0.320609
2743	1732	0.073285
1804	3061	0.138279
1935	2467	-0.130995
2122	2583	0.014522
2334	2846	-0.216221
2527	2754	-0.366843
2442	2056	0.022015
2388	1367	-0.139698
2550	2725	-0.071089
2392	2560	-0.127449
2225	1338	-0.109083
2527	1953	-0.003858
2912	1606	-0.103356
2185	1976	-0.058313
1953	2529	-0.232905
2203	1384	-0.143573
1152	2644	-0.057141
1815	2582	0.131221
2458	2271	0.170811
2290	1536	0.059398
2233	969	0.309393
1184	2075	-0.332066
2054	3058	0.446560
1916	2428	0.135446
2019	1122	-0.126343
953	2397	0.010788
2117	3028	0.166153
1965	1724	-0.265998
1095	1821	0.248999
2145	1351	0.345311
2177	2407	0.040042
1743	1397	0.172346
1682	2947	-0.253497
2438	2395	-0.136539
2052	2388	-0.380373
1976	1911	-0.004868
1732	1635	-0.127184
2347	1732	0.006542
946	2204	-0.222542
2210	2935	-0.049422
1246	2091	-0.333664
1507	1636	0.044431
1446	3041	0.151500
1202	1973	0.161474
2552	2698	0.142943
2075	1601	-0.068355
1856	2996	-0.437829
2277	2093	-0.345828
1103	1995	-0.167847
1671	2967	0.227130
1608	2233	0.040729
2235	1778	-0.177072
1698	1584	-0.082515
2375	2796	0.066412
1860	1448	0.093005
2353	2745	-0.187349
1572	1677	0.020241
1778	1363	-0.132688
2220	2831	0.033828
1573	2140	-0.215134
2412	1867	0.032570
1064	2590	0.003555
2489	1519	-0.217221
2520	2479	-0.267880
938	2530	0.046809
2411	2945	-0.136315
2940	1671	-0.127679
1575	1943	-0.052052
1112	1998	-0.020809
2598	2031	-0.004052
2312	1261	0.023090
1579	1991	-0.215225
2464	1519	0.048395
1709	2091	-0.074346
2912	1713	-0.036088
1419	2917	-0.333576
1816	1675	-0.325115
1628	2942	-0.034027
2325	1696	-0.068661
1326	2723	-0.251433
1628	2185	-0.257514
1930	2624	-0.208374
2181	2285	-0.116478
1969	1848	-0.118510
2166	1078	-0.016737
2205	2773	-0.061669
2177	1209	0.082522
2080	2893	0.002023
2039	1848	-0.102027
2165	2789	-0.009108
2399	2748	0.130861
1190	3037	-0.071525
1299	2895	0.297204
2594	1334	-0.233486
2360	2232	-0.133158
1992	1204	0.063216
1491	1561	-0.117216
2344	1434	-0.050076
1478	2454	-0.199831
1098	1884	0.067561
2504	2045	-0.249100
1097	1876	0.007147
2198	1393	-0.087289
1084	2470	-0.109234
1287	2795	-0.231563
2072	2559	0.070191
2260	1495	-0.166313
2072	2740	0.055011
2383	1245	-0.096628
1633	1882	-0.285499
1503	2557	0.094884
1439	2523	-1.270076
1271	2226	-0.397493
1064	2193	-0.229055
2121	2246	-0.120105
1933	1658	-0.097408
