# aperflux run Thu Sep  3 18:42:41 2020, aper=0.90, sigclip=5.0
# x y flux
2382	1749	0.158327
1127	1375	-0.128821
1022	1726	-0.017958
1207	2449	-0.007202
2110	2681	-0.058272
1298	1372	-0.079835
1566	2063	0.062607
1639	1175	-0.117083
1730	2696	-0.121691
1469	1340	-0.116485
1077	1963	-0.105463
2237	1334	0.010324
1450	2075	-0.065338
2430	2080	-0.031831
997	1646	0.147289
2424	2004	0.058336
1137	1957	-0.069246
2009	2747	-0.060373
1123	1958	-0.032301
1347	2579	-0.365278
1506	1320	-0.035541
2224	1416	0.010025
1437	2047	0.032004
1808	1485	-0.051904
2030	1878	0.211834
2285	2264	0.136322
1412	2361	0.248991
2253	1449	0.033938
1485	2248	0.102177
1005	1584	-0.120922
2263	1273	-0.003547
1131	2499	-0.257296
1270	1518	0.039964
1607	1388	-0.050583
2019	2167	-0.119076
2576	2169	0.046060
1719	2423	-0.239850
1759	1193	-0.039011
2249	1934	-0.090862
1374	2435	0.270067
2021	2270	-0.177866
2031	2544	-0.086546
1893	2269	-0.058225
2425	2130	-0.118890
1492	2120	-0.008607
2091	1331	0.027642
2130	1199	0.050963
1253	1664	0.062215
2308	1291	-0.065466
2047	2594	-0.324733
2142	2631	-0.132409
2155	1977	0.038537
1887	1431	-0.037837
1436	1472	-0.032590
1838	1886	0.011818
2284	1977	-0.031269
2118	2286	0.039752
1204	1767	-0.111312
2054	1974	-0.192313
1806	2308	-0.173418
2602	2015	0.167529
2398	1970	-0.064199
1059	1639	-0.096777
2195	1859	-0.005714
2282	2074	-0.111868
1293	2375	-0.051289
1407	1472	-0.056587
1625	2309	0.183261
2177	1790	-0.082120
1871	2461	0.111765
1320	1924	0.023337
2377	1677	0.023799
2090	2037	0.065738
1276	2418	0.050661
1321	1837	-0.010592
2320	2072	0.014664
1853	2647	0.060215
1356	1858	-0.248825
2452	2157	0.012344
2314	2047	-0.179629
1275	1456	-0.057073
1568	2155	0.013120
1270	2464	0.004462
1629	2651	-0.085580
2398	1485	-0.177091
1822	2300	-0.104356
2346	1475	0.152630
1810	2042	-0.201047
1369	1352	-0.224574
1822	2608	0.023533
1634	1394	-0.084799
2410	2333	-0.009547
1974	2744	-0.002004
1988	1211	-0.081464
981	2268	0.279439
1503	1318	-0.130997
2388	2561	-0.169534
1334	1722	-0.003408
1278	2264	-0.144614
2416	1585	0.020511
2393	2160	0.048525
2342	2345	0.128937
1489	2025	0.032294
1284	1985	-0.081079
2343	2176	-0.163836
1859	2701	-0.071881
2157	1672	-0.010905
1532	1680	0.030787
1212	1339	0.059845
1017	1451	-0.070520
1330	1828	-0.152642
1634	2648	0.005431
1730	2006	0.098512
1917	2177	-0.095291
1417	1194	0.065472
2138	2401	-0.082590
1560	1304	0.078426
1851	1521	-0.049566
1407	1140	-0.099811
1886	1592	-0.000186
1579	1369	-0.116126
2299	2300	-0.086534
2503	2300	-0.036209
2327	1965	-0.134153
1299	1616	-0.392205
1488	1668	0.172896
2454	1877	-0.051348
1204	2206	-0.160423
954	1883	-0.110780
1767	1563	0.014958
1199	1626	0.110791
1917	1549	0.023420
1118	1899	0.224764
2505	1512	-0.045513
1346	2411	0.225125
2320	2327	0.229001
1742	2135	-0.048714
2478	2053	-0.093704
1325	1328	-0.007786
1371	1933	0.054396
1777	1753	-0.211383
2091	1193	0.026216
2097	1625	-0.056284
1825	1161	0.073588
1608	2297	0.319564
1413	2197	0.087220
2122	1741	-0.054826
2087	1580	-0.091473
1155	2185	-0.007551
1557	1631	-0.239614
1712	2475	-0.017020
2397	2317	-0.137190
2264	1413	0.023211
1086	1904	-0.213746
1833	2530	-0.107438
1251	1662	0.074113
1997	2205	0.068107
1628	2022	-0.042269
1747	2235	0.046763
2099	2009	0.018880
1644	1826	-0.171618
1298	1389	-0.053727
2226	2654	-0.060451
1325	2267	0.569723
1388	2403	-0.331596
1759	1553	0.033895
2397	1823	0.004192
2436	2135	-0.023608
1566	1317	-0.065673
2462	1924	-0.137671
1038	1793	-0.098102
1984	1543	0.062378
2084	2391	-0.019041
2362	2216	0.183395
2080	2414	-0.084763
2534	2049	0.106721
2090	1436	0.150519
2493	1492	0.054942
2242	1341	-0.000349
2130	2691	0.287303
2367	1644	-0.089730
2119	2642	-0.137596
2463	1674	-0.055766
1773	1128	-0.177841
2167	1584	0.001402
2247	2506	-0.034653
1282	1481	-0.075227
1359	1508	0.021690
1356	2402	0.288258
2265	2510	-0.167425
2326	2087	-0.143314
1986	2279	0.052109
1603	1423	-0.061687
2502	1624	0.048859
2025	2081	-0.104429
1834	2120	-0.071853
1808	1756	-0.115599
1411	1960	-0.042982
1871	2096	-0.018471
2124	1953	0.006319
1258	2113	0.077265
2214	1756	0.243295
2186	1198	0.043384
1870	2588	-0.008921
2118	1823	0.000933
1538	1577	-0.159942
1000	2158	0.323255
2373	2101	0.027810
2339	2341	0.127078
1688	2429	-0.287543
1247	2103	-0.077794
1540	1106	0.073498
2123	1700	0.015319
1813	1560	0.050013
1804	2309	-0.201357
1100	2135	-0.018389
1707	2695	-0.044534
2324	2300	-0.223632
1598	1401	-0.015967
1897	2147	-0.099346
1784	2357	0.175121
1824	2506	0.028873
2053	2085	-0.020329
1623	1254	-0.077980
1306	1311	0.031781
1212	1543	-0.044646
1255	2395	-0.130963
1883	1201	0.114693
2585	1765	-0.049928
1491	1503	-0.077508
1432	1988	-0.036167
1572	2042	0.173814
2019	2065	-0.161571
1168	2076	-0.133662
2242	2575	-0.005057
2070	2066	0.138443
1651	1609	0.064730
2076	2173	-0.064558
2159	1871	-0.087009
1848	2204	-0.024748
2417	1374	-0.082766
2537	1814	0.037287
1190	1350	0.070141
1898	1893	0.087111
1085	1631	-0.254348
1306	2522	0.084947
2303	2235	0.020075
1021	1835	-0.031365
2323	1660	0.070656
1996	2083	-0.041569
1014	2094	0.394800
1472	1146	-0.089836
1591	1234	-0.067272
2450	2189	0.031352
1194	2038	-0.062406
2391	1830	0.133048
2085	1622	0.063433
2179	1832	-0.056548
1522	2718	0.035933
2210	1850	-0.042819
2130	1972	-0.105780
1647	1449	-0.082200
2062	1937	-0.016338
2130	2432	0.006816
1912	1546	-0.005315
1493	1670	0.192087
1077	2260	0.087906
2550	1777	0.057708
2252	1311	0.027665
1622	1535	0.197831
2170	2124	0.134971
2602	2240	0.152110
2150	1275	0.091544
1109	2114	0.012418
1710	1623	-0.119422
1326	1804	-0.139486
2065	1420	-0.103794
2269	2287	-0.076726
1971	2548	0.129544
1507	1971	0.117171
2299	1773	0.040411
1670	2271	-0.166947
1335	2007	0.093562
1610	2391	0.283858
2489	1456	-0.140639
1411	1778	-0.126229
2116	1561	0.078907
2168	2686	0.125770
2402	2188	-0.000723
2294	1430	-0.103078
2020	1250	-0.091887
1589	1518	-0.058802
1260	1272	0.045681
1831	1271	0.029033
1612	1790	0.073526
1578	1605	-0.180304
2388	2125	-0.140571
2159	2234	-0.067762
1908	2783	0.060678
2173	2412	-0.015837
998	2323	-0.156150
1458	2274	0.045728
1757	2082	-0.081559
1995	2534	0.195603
1191	2161	-0.148739
1928	1860	-0.242206
1933	1895	-0.065917
1634	1421	0.072525
2155	1979	-0.040660
1322	2292	0.277259
1701	2381	-0.020677
2060	2254	-0.085928
2399	2192	0.071733
1647	1184	-0.242213
2418	2171	0.036647
1954	2551	0.038081
2151	1366	-0.116946
1349	1826	-0.162685
1474	1559	0.411710
1243	2290	-0.189806
1737	1292	-0.139899
1428	1441	0.028797
1920	1949	0.112726
1639	1262	-0.214382
2535	2006	0.080744
2059	1286	-0.085126
1751	1639	-0.007663
2552	1558	0.006497
1112	1569	-0.105851
2540	1948	-0.078649
2353	2553	0.028476
1098	2162	0.044147
1122	1470	0.073836
1223	1992	-0.039018
1717	2053	0.175175
1030	2159	0.264057
1475	2264	0.285290
1161	1576	0.028734
2122	2194	-0.097717
1929	2297	-0.016226
1329	1236	0.021933
2587	2221	0.225247
1025	1562	-0.025496
2057	2705	-0.105017
1337	1705	-0.012941
2028	2139	0.058468
2486	1620	0.124200
1554	2649	0.230824
2061	2345	0.058517
1837	2281	0.018231
2615	1905	-0.047783
2370	2102	-0.006191
1837	2318	-0.230455
2284	1922	-0.130127
1112	2268	0.037585
1136	1426	-0.036154
1376	1684	0.328173
1264	2197	0.046293
1756	1119	-0.074437
1367	2632	0.071051
2389	2347	-0.019965
1794	2721	0.098453
2125	2686	0.092045
1694	1265	-0.140367
1763	1258	-0.055049
1837	1440	-0.031637
1746	2671	0.117149
1168	1884	0.229116
2216	1356	-0.084729
2056	2133	-0.121799
2462	1485	-0.001975
2138	2638	0.044382
1031	2228	-0.043363
2133	1976	-0.192726
1697	1805	0.183308
1374	1135	0.036310
1611	1271	-0.127105
2257	1768	0.036037
2510	1881	-0.161538
1217	1926	0.062540
1089	2039	-0.042663
1235	1756	0.066651
2015	1203	0.034155
2011	2079	-0.053184
1046	1629	-0.243732
2186	1334	0.082991
1131	1644	0.393312
1341	2101	-0.085428
1611	1770	-0.103943
2207	2649	-0.092920
1732	2217	0.135242
2101	1152	0.140015
1872	1910	-0.112499
2192	1589	-0.028066
1573	1203	-0.027110
1180	2308	-0.100641
1853	1466	0.028789
1218	2049	-0.051007
2306	1367	-0.002525
1876	2060	-0.044789
1950	2193	-0.093733
2616	1838	0.035655
1583	1206	0.020287
1756	1699	0.121614
2137	1399	0.023561
1177	1962	0.050664
1592	1351	-0.129700
2182	2172	0.020739
1360	1802	-0.241394
1326	1679	0.170666
1700	2034	-0.107273
2470	1511	0.078549
1322	2473	0.176810
1307	1348	-0.047904
2362	2453	0.094858
1991	1179	0.180129
2264	2020	-0.044822
2364	1693	-0.118584
1258	2237	-0.169196
1034	1986	0.358520
2315	1514	-0.134379
1138	2450	-0.039940
1186	1829	-0.225299
2030	1559	-0.193534
2037	2655	-0.126921
1950	2723	-0.095075
2418	2006	-0.006862
2447	2215	-0.013521
1601	1247	0.095256
1312	1777	-0.055421
1754	1119	-0.193473
1174	1374	0.190863
2116	2684	0.084949
2331	1403	0.010148
1644	2373	0.078718
1099	2080	-0.073324
1358	2247	0.256540
1904	1390	-0.044073
2501	1389	0.027639
1856	2107	-0.147163
1068	2279	-0.009465
2341	1931	0.188537
1900	2538	-0.069417
1369	2570	-0.373454
1061	1863	-0.117356
1861	1194	-0.185001
1194	2035	-0.098817
1363	2384	0.215156
2048	2372	0.010923
1774	1259	-0.012861
1742	2466	0.041846
1225	1747	-0.145069
1953	1535	0.056537
1581	2109	-0.027643
1626	1187	-0.055781
2265	2180	-0.136080
1659	2519	-0.179629
1171	1552	-0.095158
2300	1343	0.061799
1767	1993	-0.084610
1932	2393	-0.135585
1012	1776	-0.201117
1638	1127	0.064904
2242	2499	-0.057847
1379	2123	-0.149431
1122	2318	-0.071173
2023	1245	-0.068306
1648	1321	0.104830
2420	2479	0.125799
1463	1189	-0.090928
1786	2615	0.008328
1797	1835	-0.123478
1388	1747	0.200323
1596	2128	0.016314
1795	2727	-0.085294
1045	1519	-0.211707
2506	1453	0.143059
2355	1992	0.001614
2502	1942	-0.074280
1759	2378	0.314371
1130	1391	-0.081409
1753	2508	-0.159626
1189	1878	-0.188555
1705	1521	-0.172013
1188	2319	0.227607
1013	1713	-0.038052
1894	1375	-0.106704
2301	2382	0.059718
1581	2159	-0.010161
2067	1373	-0.025600
1921	2465	-0.107491
1573	1637	-0.192134
1795	2668	-0.081820
1073	2415	-0.064007
1544	1834	-0.062999
2086	1505	0.134120
2454	2316	-0.091301
2448	1411	0.319235
1058	1634	-0.209539
1892	2173	-0.054069
1283	1976	-0.060506
1149	1863	-0.122442
1390	1838	-0.064531
2182	1229	-0.011859
2302	1666	-0.141841
2290	1670	0.042421
1779	2481	0.222903
2335	2254	-0.072344
1212	1428	-0.232701
949	2352	0.202123
1152	2475	-0.043038
2226	1679	-0.199242
1849	1343	-0.129923
1806	1789	-0.033990
1685	1855	-0.046547
1810	1732	-0.137423
1607	1529	-0.011769
2403	1547	-0.071809
2039	2540	-0.006645
1916	1260	0.097010
2244	1509	-0.064640
1723	2161	-0.023002
1408	2012	0.131297
1819	2603	-0.021690
2208	1986	-0.051603
1585	1703	-0.081924
2147	2645	-0.013464
1305	2466	-0.142717
2271	2239	-0.060831
1680	2477	-0.149341
2240	2662	-0.042865
1033	1497	-0.094442
1983	2685	0.094628
2071	1774	0.062809
2463	2407	-0.034283
1559	1252	0.009644
1391	1412	0.103388
2030	2154	-0.071524
2184	2360	-0.000487
2410	2019	0.033594
1660	1419	0.088996
1324	1966	0.006258
1770	1473	-0.002725
1516	2149	-0.083604
1668	2216	-0.015095
2469	2432	0.090202
1273	2321	-0.188120
1907	2563	-0.087981
1609	2571	0.186396
1949	2584	-0.088179
2308	1409	-0.092918
1354	2566	-0.517559
1320	1442	-0.097454
1167	2031	-0.132294
2255	1351	-0.009494
1902	1371	-0.170332
2221	2548	0.017486
2235	2416	-0.093274
2017	2620	-0.092657
1922	2706	0.004278
2251	1301	-0.122128
1046	2358	-0.175659
1501	1394	0.130132
1250	2049	-0.147703
970	2356	0.078764
2163	2419	0.039487
998	1958	0.259244
1806	1640	0.135985
2348	1640	-0.034796
2142	1660	-0.014429
2448	1818	0.070990
2347	1448	0.161566
2368	2293	0.091271
2009	1702	-0.056073
1165	2315	0.013652
2280	1822	0.006440
2097	1231	0.032390
1791	1669	0.313869
1569	1414	-0.092431
1043	1968	0.059490
1868	2385	0.100262
2467	2094	0.000928
1214	2504	0.069081
2321	2488	0.104153
2452	1523	0.047797
1246	2417	-0.093330
2390	2280	-0.063835
1574	1997	-0.062091
1149	2201	-0.150031
1574	1260	0.145265
2391	1653	-0.081030
1670	1786	0.141801
1672	2119	-0.014155
2051	1710	-0.057041
2051	1806	0.016825
1274	2059	-0.011865
2352	2116	-0.132335
1646	1421	0.085399
2355	2060	0.167946
1907	1987	-0.032946
1869	2525	0.039463
1637	2539	-0.012985
1467	1933	0.071687
1496	1876	-0.089316
1928	1424	-0.055252
1579	1594	-0.199574
2201	1482	-0.093403
2506	2269	0.056751
1484	1445	-0.019919
1812	1303	0.112158
2170	2510	-0.131180
2095	1491	-0.008330
1886	1755	0.062104
1942	1843	-0.079889
1326	2595	-0.527827
2586	2223	0.328011
2313	1735	0.015857
2293	1928	0.106111
2044	1861	-0.005708
2466	2168	0.132646
1540	2731	-0.096536
2032	2232	-0.092778
1212	1400	-0.103679
1641	2312	-0.212076
2054	2359	-0.098394
2082	1673	0.074748
2023	1581	0.124522
1768	2325	-0.121302
1830	2264	0.007011
1427	1551	-0.072360
1842	2129	-0.140316
2056	1279	-0.104729
1093	1759	0.219859
2283	2268	-0.007601
2075	1232	-0.179601
1654	1965	-0.142761
2212	1349	-0.033191
2159	1840	-0.077364
1555	1979	0.046908
2622	2016	0.086796
1147	2392	-0.001837
1732	2224	0.056062
1922	1853	-0.204354
1658	1965	-0.200785
1720	2203	-0.073563
1686	1659	-0.183345
1468	2271	0.235149
1968	1840	-0.214152
1298	1291	-0.086946
1638	1112	-0.039258
2098	2200	-0.146565
2351	1771	-0.152539
1985	2308	-0.108242
1864	2530	-0.161165
1593	1533	0.000483
1808	1979	-0.123191
1697	2679	0.078453
1810	1489	-0.067298
1007	1960	0.038573
1416	1184	0.130301
2195	1230	0.056019
1608	2152	0.045449
2546	1940	-0.201248
2022	2589	0.061814
2317	1783	-0.244174
2041	1725	0.124807
1976	1974	0.348913
2180	1464	-0.170127
1962	2587	-0.095965
2321	2032	-0.002089
2528	1973	-0.067759
2020	2721	0.095636
1525	1655	-0.150821
1906	1313	-0.063247
2107	1158	0.010972
1938	2576	-0.095162
2450	1960	-0.118181
2584	2118	-0.066523
2160	2579	-0.142331
1651	1797	-0.157008
2184	2488	0.001226
2109	1733	0.241413
1488	1627	0.108516
1550	1924	-0.050929
2360	1374	-0.068487
1723	1873	0.250823
2577	1799	-0.121106
1445	2133	-0.037199
1411	2103	0.113473
1700	1089	-0.059065
2487	2485	-0.063287
2244	1777	-0.130439
1245	1368	0.027432
1802	2497	0.100540
1254	2068	0.075257
1296	1856	-0.076031
1782	1782	-0.052098
1303	1569	-0.175004
2254	1712	-0.023198
1163	2002	-0.081428
1661	2309	-0.121290
1983	1312	-0.156969
2160	2219	0.199131
1229	1908	-0.085987
1230	1846	-0.087210
2347	2203	-0.130479
1966	1382	-0.019774
1022	2266	-0.129890
2480	1500	-0.099594
1430	1171	-0.024321
1819	2241	-0.015186
1058	2262	-0.220534
1847	1330	-0.010997
1670	1329	-0.115101
2154	2302	-0.068394
1121	1449	0.125247
2194	1924	-0.035781
1943	2575	0.039090
1448	1459	0.014299
2200	2468	0.031482
1467	1782	-0.355318
1872	2378	0.239614
1180	1372	-0.043426
1037	2428	0.152513
1507	2005	-0.081643
1318	1792	-0.165624
2475	2291	-0.075679
1239	2482	-0.136862
2283	1852	0.182391
1673	2565	-0.042263
1305	2429	-0.105159
1588	1718	-0.098556
1419	1564	0.161449
1859	1669	-0.096812
1491	1813	0.011364
2338	2056	0.132997
1748	2476	0.033709
1632	2487	-0.046828
1101	1884	0.022787
1602	2711	-0.149170
2341	2083	-0.034223
2241	2237	-0.179942
1182	1752	-0.072134
1529	1859	0.030738
1187	1465	-0.130465
2331	2074	0.012652
2238	2370	-0.110046
1987	1729	-0.168096
1671	2595	-0.121837
1207	1430	-0.031880
2517	1957	0.047137
2470	2383	-0.018969
2250	2345	-0.042642
1018	2234	0.151000
1803	1721	-0.204495
1570	1322	0.033326
2335	2121	0.088110
1855	1301	0.057382
1638	2356	0.010376
2510	1785	-0.200015
1960	2416	0.052454
1610	2034	-0.075047
2040	1161	0.104044
2226	2569	0.123347
2333	2140	0.171034
2228	1286	0.084099
2230	1917	-0.106925
1295	2498	-0.103693
2137	1488	-0.163296
1323	1324	-0.042122
1408	2266	0.048255
2173	1540	-0.109224
1422	2103	0.073476
1394	1835	-0.249335
2306	1502	-0.115104
1892	2047	0.012728
1630	2256	0.191144
1858	1482	-0.057852
1940	1427	-0.017052
1877	2797	-0.241988
2279	2187	-0.025692
2222	2514	0.022728
1566	1355	-0.044495
1479	1799	-0.166949
1335	1414	-0.349445
2062	2457	0.019015
2331	2418	-0.072453
986	2236	0.323159
2030	2344	-0.097753
1935	2675	-0.084647
1310	1967	0.103395
1814	1690	-0.058508
2306	1643	-0.134560
2063	1995	0.041793
2414	1457	-0.035645
1800	1415	-0.087479
1475	1516	-0.137695
1670	2015	-0.085276
1921	1674	-0.105800
2126	1419	-0.002917
2473	2449	0.033232
1472	1455	-0.177078
2080	2056	0.023675
1712	2613	0.009278
2380	1562	0.038215
1941	2161	-0.020149
2380	1505	0.056623
1226	1799	-0.205872
1762	1541	0.014407
1151	2497	-0.135586
2130	1486	-0.212823
1473	1980	-0.107423
2481	1537	0.047586
1853	1556	-0.017302
998	2389	0.277204
2552	2139	0.035847
2403	2269	-0.017398
1063	2382	0.075616
1002	1983	0.198166
1876	1478	-0.084431
2004	2577	-0.115395
1514	2071	-0.001084
2154	1561	0.046000
2612	1895	0.217964
2261	1421	-0.142806
2082	2029	-0.114774
1927	2369	-0.160270
1086	1436	-0.086532
1694	2655	-0.187959
2064	2740	0.025628
1772	2503	-0.010323
2619	1934	-0.039351
1498	1491	-0.210698
1143	1478	0.032009
2107	2386	-0.014458
1695	1106	0.132730
2132	1376	-0.042334
2405	2383	-0.046567
1424	1532	0.135197
1184	1486	-0.091780
1821	2156	-0.013996
2275	2231	-0.125965
1116	1389	0.057021
2329	1976	-0.155092
1925	2035	0.029845
1830	1337	-0.084552
2177	1853	0.000776
1891	2265	-0.114846
1013	1517	0.026571
1792	2292	-0.155142
1856	1590	0.023753
2144	2205	-0.053200
1307	2656	-0.495618
1607	1574	0.208233
2614	2176	0.037630
1684	1688	-0.005019
2046	1560	-0.130798
1246	2183	0.093318
1640	1785	-0.147473
2202	2631	0.232979
2254	2651	0.023321
1212	2083	0.003830
1688	1073	-0.102728
2059	1836	0.039168
1476	1998	0.021214
1883	1980	-0.011616
2448	2423	0.019445
1356	2026	-0.063038
2367	1311	-0.059418
1391	1551	0.194728
1433	1108	-0.116260
2111	2241	-0.103476
2306	1772	-0.007289
1362	1335	-0.042569
2412	1860	0.031467
1707	1733	-0.013176
2460	1907	-0.139454
1603	1427	-0.045240
2426	2037	0.061741
1571	2068	0.001019
2114	2204	-0.122526
1761	1596	-0.023334
2152	1302	-0.001536
2311	1832	0.291109
2361	1904	0.226333
2211	1267	0.051850
2256	2439	-0.014908
1407	1983	0.088011
1142	1613	0.063645
2204	1826	-0.106867
1938	1497	-0.192004
1323	1688	0.158484
1696	1499	-0.101969
2084	1517	-0.055288
1863	1475	-0.132974
1009	2204	0.271857
1943	2579	-0.074630
2263	1525	-0.068756
1128	2177	-0.276839
2510	1914	0.001915
2296	2539	-0.041976
1694	1843	-0.215262
1868	2762	-0.243967
1834	2132	-0.109315
2420	1800	-0.031794
1441	1453	-0.154079
1879	2592	-0.051360
1247	2402	-0.119446
2313	2267	-0.169377
1287	1666	-0.136904
1230	2452	-0.121929
1191	1620	0.257946
2171	2468	-0.013393
1556	1113	-0.159382
1695	2009	-0.028576
1675	1932	0.042591
1287	2571	-0.233354
2125	1967	-0.093596
1889	2784	-0.233657
1868	2563	-0.084507
2426	1921	-0.081472
2104	1236	-0.025568
2206	2160	0.146083
1310	1903	-0.013300
1488	1516	-0.071161
1330	2312	-0.052525
1744	1248	0.035745
2062	2175	-0.007023
1000	1688	0.235503
1070	1918	-0.154694
1264	1670	0.003661
1688	2380	0.043618
2578	1976	0.144396
1243	2339	-0.143020
1848	1863	-0.118071
2170	1143	0.100316
1551	2118	0.123776
1391	2502	-0.725098
1703	2656	0.000625
2204	2699	0.134189
1176	1372	0.075094
2199	1594	0.053666
2296	1797	0.059210
1206	2409	0.031525
1795	2791	-0.045666
2463	2304	-0.053048
1592	2403	0.176600
2329	2428	0.022358
2083	2148	-0.064899
1877	1681	-0.089750
1448	2121	-0.008139
1415	1154	-0.062324
2563	1860	-0.173888
1729	2504	-0.183466
1046	1964	0.053758
1199	2255	-0.186648
1828	2677	0.059246
2441	2175	-0.076156
1886	1954	-0.052427
1298	2385	0.128952
1839	2271	-0.025110
1758	1820	-0.077671
1809	2575	-0.256502
2425	2091	0.065343
2217	2684	0.228889
2162	1476	0.059815
1128	2395	-0.056105
991	1843	0.062293
1785	2644	0.056529
1341	2112	-0.104142
2134	1517	-0.038510
1544	1843	-0.057893
1776	1582	-0.036014
1125	1523	-0.040613
1786	1127	-0.316601
1503	1858	-0.177944
2516	2172	0.068538
2172	1260	0.097691
2435	2340	-0.037135
2319	1507	-0.026606
975	1925	-0.044912
1731	2095	0.090165
1717	1539	-0.024593
2170	1913	-0.109315
1889	2296	-0.050711
1613	1097	-0.093092
2179	1445	-0.021935
1500	1511	-0.208377
1280	2576	-0.126057
1565	1250	-0.025523
1434	1124	0.036112
1489	2211	-0.101720
1560	1188	0.153021
1015	1555	-0.102455
2036	2711	-0.119003
1763	1587	-0.079338
2182	1827	-0.133576
1642	1964	-0.117528
1297	2326	-0.043784
2460	2525	-0.003651
