# aperflux run Tue Jul 14 19:21:08 2020, aper=2.00, sigclip=5.0
# x y flux
5898	6152	0.020075
2640	4391	0.119857
2529	3540	0.001501
5519	6381	0.082695
5667	4971	-0.305350
5212	3966	-0.387217
2785	4541	0.092934
3830	6599	0.254748
2833	4002	-0.019518
3316	5085	0.004463
3886	4707	-0.087934
5169	4406	-0.242065
5422	2709	0.050000
3616	3601	-0.178391
4286	3730	0.129724
3559	2767	0.189553
5921	6202	-0.020172
3084	3506	0.031046
4706	6537	-0.025138
2826	3512	-0.163918
5724	3218	0.004911
6046	5645	-0.135322
4865	2966	-0.026723
5115	4955	0.188734
5720	5000	-0.091636
2604	5585	0.180395
5266	3243	0.059025
3673	3767	-0.082074
3979	4549	0.082733
4511	6589	0.376389
2168	3675	0.038538
5511	3343	0.107010
5450	6169	0.340359
4774	5539	0.273965
6223	6541	0.531692
5285	3019	0.067825
2668	3806	-0.276564
4493	4331	-0.083425
2735	4897	-0.176352
2697	3224	0.009510
2636	3261	-0.031302
4503	4312	-0.237639
6153	6176	-0.142137
5386	6549	-0.153046
3641	4586	0.116232
2864	6251	-0.053275
2595	4712	0.243691
3597	5047	0.201300
4925	3543	-0.094902
3209	6377	-0.043063
4295	6316	0.034932
3366	5249	-0.180261
2870	3417	-0.153825
2110	4512	0.060162
4684	3488	0.170419
3739	4677	0.155902
5792	5806	-0.184679
2789	3518	-0.066274
3323	5864	-0.131299
2034	2956	-0.006886
3923	4710	-0.158882
5073	2918	-0.002665
3833	5965	-0.045743
3744	4415	0.095281
2982	3105	0.016459
6263	6363	0.087969
3025	6150	-0.113355
4767	4461	-0.196246
5158	6116	-0.135903
5231	6101	-0.012480
5461	3069	0.028624
3892	5266	-0.023940
3034	3036	-0.187303
3309	3537	0.084888
5710	2913	-0.091712
2584	4941	0.145807
2119	4579	-0.074328
2897	3524	0.108680
3510	5054	-0.010651
2586	3690	-0.054694
2050	3361	-0.105020
3752	4462	-0.270777
2392	2795	0.085391
4254	5506	-0.350955
4107	6226	0.078025
3920	6374	-0.105486
4646	4056	-0.146022
4776	3534	-0.063952
4072	6491	-0.045728
2285	3693	-0.087244
2513	2785	0.094338
2390	5813	-0.250047
5024	4351	-0.008373
4559	4437	0.224474
2788	6418	0.005545
5240	5318	0.158088
3917	5265	0.160765
3588	5531	0.066967
6146	5523	0.003079
3350	2896	0.032321
5477	2573	0.232350
4830	3968	0.076976
3186	4756	-0.447476
5493	4982	-0.204183
5809	5496	0.020174
3752	4702	0.291126
5352	4845	0.283968
3848	4701	-0.223956
3496	4041	0.065779
3378	6654	0.352033
5195	3482	-0.066342
2860	6305	-0.171694
4463	3547	-0.085702
4541	3404	-0.014223
5112	2587	-0.044864
2578	4454	0.229935
5891	3412	-0.352945
5372	6107	-0.101934
2584	3075	-0.207268
5185	5006	0.063700
5661	3884	0.093420
3259	6538	-0.017561
6108	4961	-0.291882
3737	6632	0.292904
4278	2824	-0.320403
4175	5159	-0.172648
4974	5514	-0.075296
4279	4634	-0.080162
5015	2822	-0.111159
3092	3183	-0.002344
5780	5764	-0.099090
3868	5783	0.015384
5786	5159	0.007677
2699	4081	0.011740
4047	4504	-0.068435
4788	5143	0.156307
4518	3081	-0.099433
2695	3600	-0.000442
2489	2770	0.071329
5486	6006	0.029737
2201	5554	-0.209619
5182	5238	0.010603
3752	4150	-0.200643
2550	4070	-0.101881
6142	5234	0.089476
2849	6016	-0.191434
5509	3723	-0.754646
2092	3634	0.175997
4078	4277	-0.059805
2884	3033	0.100786
2780	3421	-0.115342
5362	4350	0.294763
3326	3739	0.108564
3862	2965	-0.232363
3737	3286	-0.164189
2299	6165	0.101018
2349	5215	0.007706
3131	2911	-0.157568
4386	4841	-0.210926
4851	5332	-0.078856
4317	4936	0.140540
2259	3355	-0.085223
3381	6604	-0.169776
2560	2933	-0.128371
5897	6284	0.100059
4124	5654	0.273974
2009	3120	0.009186
4335	3062	-0.072987
3557	4040	-0.376540
2872	6195	-0.098625
2689	6395	0.008052
3377	3047	-0.135616
2609	3098	-0.106786
2209	2967	0.092686
3317	4328	0.145890
5540	5875	0.170612
5662	6308	-0.071820
5690	5969	0.406056
4608	3219	0.098012
3552	5293	-0.102557
3386	5863	0.105079
5733	5678	-0.235898
2161	5255	-0.145648
5593	5113	-0.036864
5915	5240	-0.000130
5731	5192	0.366113
4412	6302	0.193800
5821	3593	0.086835
4992	3553	0.078775
4149	2572	0.214312
2828	6087	-0.073778
4193	3723	0.098869
3918	4229	0.057347
6027	3990	-0.401530
5034	4184	-0.152276
4351	3605	-0.205007
4908	3971	-0.161586
2845	5723	-0.000333
3363	3849	-0.081091
3749	3765	-0.167998
5010	3270	-0.005060
2306	3700	-0.082909
2631	4309	0.001382
5191	2791	0.105647
2563	5997	-0.006601
4042	2883	-0.045028
2281	3638	0.185879
3864	3723	0.156893
2839	6024	-0.215261
2939	3753	-0.186475
5946	3549	-0.010988
5427	2662	-0.237596
3426	4269	-0.122176
5331	2575	0.288020
2519	4237	-0.080805
4874	4724	-0.315169
3170	5437	0.247572
2174	3062	0.260590
1926	2911	0.082478
4987	4178	0.136843
4455	6347	-0.181761
2505	5920	0.072353
2986	5454	-0.048914
2538	4328	-0.034246
5206	2596	0.017505
5094	4648	-0.206611
3806	4129	-0.012267
2406	6237	0.081776
3226	6366	0.112683
2808	3540	-0.087219
5439	5580	0.272386
5489	6003	-0.033382
2220	2867	0.019884
4096	4532	0.296110
5367	6522	-0.064957
3663	5494	-0.137954
2321	3364	0.023131
4447	3681	0.061936
3411	6052	0.125973
4537	6018	0.132262
4708	4899	-0.210595
2897	3112	-0.016199
3117	5863	0.163598
3737	5630	0.134409
4758	4419	-0.382496
5066	5842	-0.193715
3940	5830	-0.106318
5085	5306	-0.031087
5904	3953	-0.036945
2283	4298	-0.198301
5195	4915	-0.250955
3833	3907	0.011957
2537	4689	-0.044678
4333	6446	-0.056434
2494	4086	0.103875
5075	4345	-0.064279
5702	5815	0.339135
5725	5074	0.294938
5695	2945	-0.404005
5713	6213	-0.114629
2750	3298	0.066312
4937	5308	-0.028028
3926	5246	0.411272
3669	5134	-0.202142
5553	3071	-0.063413
3771	6416	0.043464
2491	5930	-0.166899
2169	4017	-0.276631
3486	5327	-0.139168
5531	4980	0.012004
3338	6485	0.105306
2736	5601	-0.191956
6165	6368	-0.076369
5923	4694	-0.199727
4455	6521	0.560044
3117	3835	0.227268
3069	2913	-0.344114
5244	3761	-0.119782
3514	5210	0.105222
2213	5464	0.421352
3810	6106	0.199815
5670	5061	-0.026249
2726	6106	-0.019334
5944	4678	-0.059744
5673	2831	-0.231364
3583	6373	0.344570
4548	5639	-0.298105
3519	4129	-0.021002
4580	6083	-0.156869
4595	3971	-0.081363
5989	4402	-0.179922
5014	6055	-0.002662
4247	4783	0.035283
3685	5278	0.277915
6099	5053	0.099733
4118	5910	-0.128821
4584	2634	0.049485
3851	4460	-0.057260
3149	3696	0.039136
4122	3535	-0.171115
6061	6046	-0.215892
4378	5856	0.058604
4645	4926	0.444554
3365	5354	0.199935
5589	4829	-0.092014
4155	3966	0.296738
3845	3681	0.028643
4027	3678	-0.484145
5092	3826	0.124896
3581	4053	0.141502
2545	2758	0.117387
5435	2850	-0.107807
3297	3451	0.111185
4737	5620	0.067826
3050	3394	-0.012655
2757	3846	0.065526
3592	6469	-0.045042
4366	5980	0.196122
3321	3114	0.023040
5784	5688	-0.339475
4673	5141	0.318862
2897	4255	0.107970
2053	3345	-0.227305
4955	5165	-0.201570
3525	4625	-0.129791
3128	5863	0.131292
6039	6093	0.058527
5691	5205	-0.101689
2719	5793	-0.162634
4378	5606	0.130928
3718	4446	0.049101
2249	4268	0.213316
4136	6289	-0.000172
5808	5191	-0.062004
4975	5992	-0.164296
2960	4651	-0.110968
4697	4761	0.021246
3453	5204	-0.271139
3339	6586	0.110386
3562	3538	0.051469
3919	3151	-0.298132
2367	3332	-0.054852
4668	4954	0.286136
5691	3502	-0.151327
4427	4086	-0.304851
2287	5193	-0.070794
4276	5191	-0.240495
3845	5852	-0.012308
3289	6560	-0.028098
3281	6642	-0.074813
3251	3266	0.062272
3646	4040	0.215260
3379	3187	0.246529
2378	3812	-0.202025
3825	6114	0.061181
4615	3665	-0.269560
2515	4923	0.170327
2373	4173	-0.335344
4332	2700	-0.114906
3957	5576	-0.192042
2738	4046	0.158288
4090	6091	0.001141
3914	5983	0.236762
5866	5304	0.265746
4485	6507	0.590495
4093	3712	0.030876
5751	6106	0.197616
4481	3622	-0.086708
5613	5776	0.186908
4268	5438	-0.218932
2316	4460	0.274452
3497	2948	-0.067189
5226	3408	0.077385
5886	4507	-0.234437
5644	4568	-0.080247
4815	3067	-0.130221
2980	5865	-0.073955
3332	3750	0.107844
4515	5339	0.091981
2436	4757	0.006121
3123	4637	0.079258
4774	4468	-0.181831
3907	6614	-0.205695
2227	3702	-0.310151
2943	4843	-0.052592
5501	5831	-0.196295
4537	6478	0.133198
5472	2940	0.140354
4270	4940	0.001192
5590	6097	-0.100021
3900	6296	-0.130266
2944	4746	0.173929
3434	5905	0.230352
4288	5843	-0.181590
4591	3587	-0.141138
3347	5489	0.121766
5248	5042	0.114940
3437	4956	-0.125493
3171	2903	-0.077862
2281	6184	0.086526
2327	4631	-0.056712
4285	4102	-0.115594
6101	6030	0.267185
3220	3156	0.089588
4711	4602	-0.309316
6156	5972	0.082982
6190	6515	0.449101
3893	3568	-0.128527
5732	6027	0.255548
5892	5563	0.024157
2426	5382	-0.041011
2222	3172	-0.294307
2183	3686	0.030485
5421	2624	0.052160
4470	5752	-0.038508
5144	3444	-0.139481
3666	5860	-0.166590
5426	3324	0.040058
3857	5821	0.282766
3286	4717	0.171342
2848	4210	-0.041964
2268	3740	0.020039
5919	5329	0.337652
3722	5793	0.067270
2458	6685	-0.091894
5034	4944	-0.107886
2874	4814	0.065232
5936	4387	-0.150926
5536	4921	0.100628
5286	5072	-0.008725
5159	6079	0.017443
5689	2976	-0.110292
5698	5009	0.075688
5179	5427	-0.238107
4057	3146	0.065072
4403	5531	-0.050429
5911	4069	-0.093368
4266	4704	-0.095897
4263	3240	0.135140
3643	2667	-0.143995
2793	3500	-0.006783
1958	2780	0.330405
5971	4071	-0.099655
5082	3015	-0.070698
3937	6272	0.045486
5222	3098	0.001311
5127	3905	0.125731
3927	2975	-0.277069
2892	4228	-0.053898
5252	4143	-0.152866
5267	5871	0.180363
4653	3463	0.004036
3841	5854	0.010401
5818	4177	-0.525408
5462	4929	-0.071095
3915	2702	0.194092
5591	3146	-0.003313
3558	5441	0.065692
5969	5967	-0.300516
3164	3047	0.082698
3308	6133	0.308664
4954	3827	-0.087040
2668	5037	-0.078289
5217	4473	-0.393072
5332	4528	0.043193
4275	2539	0.298874
4187	6193	-0.234274
5864	4699	0.012032
4545	4731	-0.099176
3241	4236	-0.133887
5416	5310	0.039771
5274	6181	-0.122478
2061	4170	-0.042909
2574	3627	0.054324
4042	6199	0.087389
6158	5613	0.228809
2484	4357	0.132475
5377	3476	0.683309
3276	3860	0.079566
5267	2695	0.142148
5315	5953	0.121973
3311	3177	0.160312
5681	6128	0.072632
4431	2924	0.076504
5492	3879	0.073734
3067	5480	0.060707
4864	4658	-0.005935
4871	4589	-0.031588
3695	4273	0.015517
4395	4465	0.070562
3177	4248	-0.276573
4250	5090	-0.003069
4866	3576	-0.073755
2244	3916	-0.212746
2963	4854	-0.196211
5517	4656	-0.020500
2880	2802	-0.185280
5823	5373	-0.244242
2483	6084	-0.026451
5583	6087	-0.098799
5458	3241	-0.238755
5322	2823	-0.017611
4620	4882	-0.033662
4329	3832	-0.216381
3267	5044	-0.232842
4003	5882	-0.123116
4895	6198	-0.128611
2139	4645	0.006074
5179	4346	-0.114754
2856	4268	-0.305214
4781	3813	-0.172073
4509	5579	0.085067
3479	3717	-0.149870
3807	3668	-0.042777
3018	4170	-0.007095
5541	3163	-0.160583
3201	5300	0.362006
4868	2626	-0.281424
4413	5483	-0.095110
5022	6474	-0.298446
2551	6109	-0.144094
4302	3320	0.116061
4713	6118	-0.312470
3432	3323	0.054453
4152	6401	-0.250592
4202	6173	-0.179308
4453	5073	-0.240964
2294	5108	-0.069195
5233	6119	-0.024095
5292	4619	-0.292641
4197	4745	0.113175
2914	2682	-0.010454
4068	3073	-0.112875
3351	5485	0.111841
4550	2674	-0.009328
4657	3800	0.119839
2942	4657	-0.134021
3098	6211	-0.296518
6000	5919	0.092527
3041	5370	0.104721
4073	4415	-0.293983
2571	6588	0.037077
3219	3131	-0.030975
3924	4181	0.035316
6253	6332	0.229852
2694	3236	-0.052318
3250	6375	0.102245
5841	3426	-0.070402
4722	3723	0.052891
2756	3303	0.030398
3992	4929	-0.087376
4568	4818	0.298600
4185	4753	-0.081707
4826	2781	-0.053606
6023	4022	-0.070489
2980	2706	-0.090464
4313	4751	0.079980
5651	4417	-0.319368
4925	2665	-0.098366
2649	3541	-0.015305
4424	5882	0.322147
3995	2559	0.423099
5179	4764	0.132123
2825	5453	-0.033602
4738	3111	-0.064797
2208	4799	-0.150097
5662	5397	-0.323726
6029	5827	-0.146295
4640	2533	0.148874
2014	2917	-0.075867
5356	3292	-0.008567
2626	3228	0.232343
4941	2643	0.026789
6070	4254	-0.140741
2657	6034	0.166464
4709	3060	-0.130496
2847	2754	0.278262
5183	3088	0.016951
5191	3133	0.059885
5876	3959	-0.048983
3761	4716	0.057240
2371	6668	-0.145300
4450	5808	0.233055
5184	4405	-0.347697
4136	5522	0.003978
4951	5340	-0.177309
3140	4120	0.162897
2364	5826	0.017305
3662	4495	0.052090
5086	6079	0.267450
3778	5502	-0.141404
4025	2783	0.054595
4768	3378	-0.482376
5332	3267	0.178241
3668	4400	0.093960
2836	2802	-0.131052
3524	4097	-0.243511
5336	3825	-0.129035
4846	5242	-0.149411
5783	2910	0.161490
1962	3272	0.013837
5457	2524	0.254304
4990	5541	-0.114017
4667	5084	-0.104348
2799	3205	-0.032173
2531	3708	-0.011205
5717	6359	-0.088366
3168	3721	-0.003334
2343	5264	0.094054
5548	6372	-0.110577
6312	6528	0.868133
3340	3464	0.024850
5956	5199	-0.114226
2494	3173	-0.163585
2844	4198	-0.052150
3241	4524	0.148941
5415	3370	-0.190495
3367	5693	0.212073
4620	4734	0.060036
5247	4186	-0.147191
5895	3733	0.242643
5891	3023	-0.221837
4041	5592	-0.132147
3102	3676	0.173966
3657	3262	-0.439407
3610	3144	-0.236236
5346	4627	-0.267936
5951	4509	0.196838
2907	2902	0.180819
4377	3534	0.028678
2057	3135	-0.013278
3534	2771	-0.045652
5606	5746	0.036969
3594	6246	-0.053310
4419	6077	-0.329409
3103	3511	-0.216065
2839	5356	0.144041
3941	6108	-0.072568
3999	3121	0.149837
2372	2581	0.206992
4106	5316	-0.156756
3452	5054	-0.198873
3461	5523	-0.004661
4102	3132	0.078170
4848	5821	-0.290966
4050	5979	0.354088
5977	5506	-0.054558
2908	5075	0.086271
2421	4831	0.175089
1996	3149	-0.018350
4880	3653	0.090562
3823	4245	-0.055296
4825	2626	0.080170
3684	2632	-0.159710
5121	4683	-0.169807
2619	2929	0.090555
2374	4105	0.169558
4201	4672	0.136914
2236	5326	-0.039549
5699	2845	0.008664
4008	3281	-0.080063
3177	3499	-0.241582
4174	4524	-0.029237
3403	3566	0.211117
5600	6287	0.105224
2154	4176	-0.213042
3214	4563	0.019127
5330	2709	0.148242
2486	3203	-0.215295
2599	5513	-0.023460
4267	5834	-0.092199
3010	6132	0.137373
2266	4487	0.026960
2528	5086	-0.283440
5261	5865	0.147503
4924	5989	0.067053
4511	3780	0.171465
2642	3988	0.057457
5973	3544	-0.155569
5282	5823	-0.187531
2528	2644	0.075245
5931	3937	-0.231338
5960	3982	-0.395706
3675	5864	-0.142736
5599	2552	0.473996
2525	5767	0.197344
5466	4440	-0.113293
5488	3335	-0.256783
4986	5788	0.030085
3513	5221	0.066658
3387	5855	0.165566
5154	5999	0.148741
5763	5004	0.136178
2427	4796	-0.357952
6074	4667	-0.222144
5217	4477	-0.295552
3218	5407	-0.108545
3025	5334	-0.172009
3933	3006	-0.388260
4563	3424	0.002891
5901	3394	-0.299793
4134	3443	0.057741
5127	4839	-0.281824
3140	3397	0.165363
3901	6381	-0.079299
5705	2947	-0.291424
5226	5675	-0.067319
2825	4032	0.173300
2689	5492	0.010002
2816	5488	-0.078436
3057	4017	0.554790
2498	3668	-0.018808
2608	3020	-0.260825
4635	3574	0.052504
2820	4376	-0.312498
4129	6588	0.250785
2491	3191	-0.262996
3470	5356	0.247192
2320	4726	0.224145
5404	3297	-0.165857
2746	6709	-0.211563
3818	5765	-0.088038
2733	3126	-0.018521
4049	3966	-0.157097
3106	3756	-0.025767
5621	6434	-0.062670
3476	3568	0.124093
5368	5874	0.304542
4865	4338	-0.412624
2570	5975	-0.170897
3323	4382	0.256215
5676	6355	0.231991
4358	4269	0.171620
3089	3509	-0.070668
3720	4436	0.023104
3630	6560	0.238620
3056	5227	0.177939
3148	5137	-0.062381
2459	4163	-0.078347
3549	6665	0.302833
4896	3862	-0.076021
4489	5418	0.005024
3112	3765	-0.098807
4060	2625	-0.155470
3156	2932	-0.156376
5777	4480	0.079309
2536	2846	-0.020925
2461	5081	0.216998
4802	5309	-0.005928
5338	4340	0.020007
4796	4005	-0.266775
4664	4447	-0.046221
4763	6469	-0.312094
5858	2921	0.243659
3891	4589	-0.077195
2810	5329	0.074331
5373	4317	0.170947
5679	6514	0.161409
4611	4122	-0.060526
2515	3163	0.164415
2230	3736	0.090247
2626	4246	0.116594
2780	2777	-0.012181
6220	5993	-0.019564
3103	3604	0.124556
2264	3125	-0.091852
4896	3643	0.116031
5336	5688	-0.045888
4896	2895	-0.092905
3485	5002	0.029331
2191	3138	-0.185735
2556	5714	-0.031238
3927	4837	-0.115176
4750	3829	-0.308770
4062	4924	-0.459831
3549	3636	-0.267652
4383	5010	0.002202
4655	5470	-0.106440
2377	5583	-0.045330
2386	6273	0.015387
5725	6513	-0.098254
4596	3668	-0.143557
3188	2919	0.002218
5349	5304	-0.255715
4451	5454	0.078088
2589	3659	-0.106121
4481	4223	0.125066
2932	2968	-0.109189
5443	6361	-0.083437
2282	2586	0.138062
5562	4825	-0.116690
5946	5811	-0.116438
4334	4283	-0.187516
2170	2920	0.055360
5966	3452	0.146927
4904	3593	-0.395744
3449	5694	-0.070626
4282	3370	0.150643
2830	4395	-0.226054
3601	5535	-0.116183
2858	3681	-0.036282
2660	5091	0.014743
5252	5216	0.152102
3576	4020	-0.336774
3025	3077	-0.184142
4807	6040	-0.251324
2541	3582	0.001582
2995	4777	-0.056807
2871	5219	-0.232647
3514	6586	-0.160401
5287	2952	-0.117428
3362	2665	-0.090227
5022	6426	0.016077
3835	3907	-0.049556
2244	4440	0.106251
5839	2882	0.096388
2624	3630	-0.090475
5805	4813	-0.003647
3276	4683	-0.139416
3654	6583	-0.059736
2686	6701	0.095605
3412	5302	0.070666
3589	3080	-0.192383
2463	4747	-0.195089
4115	6174	0.061374
3199	4017	-0.003438
4236	2988	-0.040700
3999	6376	-0.161853
6207	5526	0.187530
5938	5963	-0.073183
2211	4038	0.003902
4001	5892	-0.149647
2904	4467	0.041014
5369	5605	-0.061418
3191	4207	0.257236
2435	5514	0.057972
3995	3896	-0.296859
4431	5237	-0.008710
5649	2843	-0.146280
4289	4755	0.172236
4198	3849	-0.317394
3212	6334	-0.049607
3741	5960	-0.073390
4550	6085	-0.149162
3098	3800	0.084421
3444	3813	0.189638
3830	5595	0.023184
4325	3662	0.210752
2299	6395	0.163139
6114	5488	-0.205819
3404	4277	-0.204809
2286	4424	0.175744
5704	6572	-0.011660
4408	2775	-0.037375
4451	3622	-0.092072
5480	4674	-0.068401
2206	4362	-0.305770
5891	5661	0.049645
4999	4392	0.024719
5299	3022	-0.011938
3293	2626	-0.061026
5612	4697	-0.330688
4687	5017	0.081892
4457	4492	0.174962
5091	4789	0.018715
5150	3627	0.021326
4115	3454	-0.383113
5521	6057	0.109877
4555	3975	-0.261967
5369	6313	-0.183799
5231	3874	0.032330
5175	6108	-0.090385
5341	3143	0.173529
4820	3754	0.072734
5909	5836	0.057536
3981	6358	0.003017
6088	6003	0.075772
4837	5117	-0.089172
4783	3195	-0.253567
4317	5750	-0.141441
5323	5474	0.187508
3678	3877	0.266809
3258	3391	0.009546
3091	5366	-0.078596
5874	3425	-0.420277
5930	6323	0.075507
2587	5927	0.051721
3277	4400	0.010315
3364	4271	0.045575
5496	4545	0.142969
4433	4223	-0.215411
5540	3099	0.225156
5729	2682	0.085593
4437	3985	0.006587
5703	6119	-0.260739
6033	4012	-0.215980
3109	3326	-0.152500
3982	6176	0.031822
4102	5710	-0.129920
4243	3849	-0.187625
4744	3148	-0.012127
5711	3080	-0.121000
5356	4544	0.347179
3843	4728	-0.044699
4670	2845	-0.355910
4950	4174	-0.104157
2544	4831	0.069118
5510	3926	0.004798
4368	5799	0.000837
5517	3300	0.533164
3452	6195	0.021729
4620	4651	-0.132464
5489	4513	-0.007876
4308	4493	0.321418
3652	2698	-0.178705
5475	5698	-0.254552
5206	3520	0.115469
5064	3094	0.136786
2328	3367	0.182626
4945	4180	-0.084179
2582	3713	-0.184820
3124	6148	0.071613
2912	2626	-0.110981
3317	4350	-0.169315
4506	4555	-0.021639
4572	2571	0.109843
2187	3524	-0.074371
5523	6132	-0.208974
4640	3447	-0.107602
5405	4274	-0.428831
2862	6013	-0.158392
4530	5804	0.373756
3990	5575	0.119011
5384	4395	0.094321
5956	3884	-0.268679
4969	4384	0.161260
3668	4032	0.067713
5549	6390	-0.051625
4724	3238	-0.100998
5829	5210	-0.066610
5617	3932	-0.007278
3312	3778	0.052613
5657	2632	0.100242
2364	4440	-0.105438
3728	5835	0.045333
5022	5586	-0.189614
2541	5219	-0.152763
2143	4924	-0.267992
2557	2626	-0.154358
4326	4043	-0.088433
5607	3260	-0.132226
4001	5967	0.292400
4383	4453	-0.132654
4888	2706	0.055301
5080	4028	0.171728
4481	5331	-0.104542
4331	4310	-0.006703
5505	6580	-0.111798
4216	5217	-0.008197
3942	3873	0.018908
2865	3689	-0.008320
2867	4051	-0.140184
4259	2550	0.202543
4204	4577	-0.022156
4679	4324	-0.221997
4520	5324	0.056838
2879	5652	-0.188632
5823	5362	-0.090420
2671	4430	0.229867
5540	6286	-0.118352
5162	3671	0.049017
2939	5318	-0.179243
6009	5734	0.090796
5531	4620	0.040372
4220	5805	0.118384
5569	5524	0.157762
2491	4722	-0.065747
3321	6523	0.146570
4571	6243	0.075033
2433	3112	0.048265
5097	3297	0.240399
4172	3635	0.275455
4549	5098	-0.083188
2067	3908	0.181166
4586	4997	0.002647
4138	5727	-0.017437
2302	3055	0.092155
4954	6223	-0.188503
4996	4172	0.071755
4030	4059	0.112731
5066	5815	0.079313
3935	3440	-0.015264
3778	2816	-0.086865
4067	2970	-0.172497
4569	4830	0.066413
4825	3039	-0.257612
3785	5019	0.107247
5883	3665	0.226593
4441	5072	-0.171611
5857	5529	-0.192262
