# aperflux run Tue Jul 14 18:59:02 2020, aper=0.45, sigclip=5.0
# x y flux
5000	6187	-0.001532
5644	5273	0.010703
4275	4143	0.016342
2670	5192	0.008086
5688	4235	0.014882
3727	5375	0.003441
3791	4767	-0.027768
4976	5651	-0.019730
3088	4559	0.014361
4773	6375	-0.006839
5002	2655	-0.031002
3941	3202	-0.015406
4544	5262	-0.010110
4492	6103	-0.007494
4374	3158	-0.030617
2222	3897	-0.008930
3144	3822	-0.023984
4122	3856	0.009189
5326	4837	-0.047500
3836	5413	-0.008798
4523	5356	-0.007147
2098	3344	-0.004262
3699	2709	0.001169
5077	5612	-0.017996
5388	4922	0.029485
4987	3122	0.015256
2770	4196	0.010232
5078	3487	0.014313
4645	5082	-0.012433
3812	3722	0.002811
2768	2868	-0.009484
3838	5835	-0.041243
3003	3973	-0.016338
6279	6546	0.011982
4823	3646	0.024122
5721	3570	0.015020
2445	4965	0.022403
5747	3477	0.011025
2256	4379	0.015545
3759	4599	0.007798
3549	3291	0.019706
5606	4969	-0.023824
5189	4618	-0.056777
2282	2593	0.032560
4399	5533	-0.002610
4402	4464	-0.007466
6041	6170	0.013304
5983	3651	-0.043866
2599	5148	0.059661
3889	3035	-0.042559
5231	6226	-0.005406
5495	3920	0.010648
2369	2830	0.033313
5289	5426	-0.007500
2913	4541	-0.000501
2433	6198	-0.027253
3086	3052	-0.015223
5427	4977	0.026224
5179	5759	0.001769
5103	4019	-0.019345
5596	2815	0.036978
4471	4385	-0.037443
5437	6165	-0.026559
5823	2732	-0.031829
2059	2716	-0.006516
3723	4993	-0.041917
5957	6318	-0.034117
6119	5775	-0.000515
3485	5375	-0.018250
2633	5420	-0.019132
3027	4338	-0.029481
5542	2524	0.037163
5310	4119	0.015518
3836	3676	0.018216
3491	3812	-0.011297
5258	4265	-0.012327
2299	4220	0.038995
4343	4207	0.005395
3001	5184	0.039026
6143	5701	0.004634
4264	5177	0.007075
6041	5270	-0.051239
2781	4965	0.024386
1987	2828	-0.011849
3818	2750	-0.022512
2274	3267	0.017174
5680	6046	0.019582
5258	2671	0.011367
4937	4893	-0.016642
3571	4393	0.008323
3186	5281	0.016264
4505	5095	-0.019107
4369	2901	-0.004803
3027	5869	-0.009528
4989	4157	0.003909
3677	6294	-0.041667
2348	6490	0.000113
4948	2667	0.003052
5160	4447	0.041872
5732	5301	-0.018217
5309	6079	0.040151
2012	3102	0.004965
2380	5304	-0.044121
6108	4916	0.046621
5906	3689	0.034116
2431	4001	-0.028025
3746	2909	0.038361
3886	3146	0.033043
2151	3154	-0.026816
2394	2833	-0.011113
4227	5163	-0.027923
5363	3120	-0.019158
2781	4660	0.046229
6183	5089	-0.076145
3145	5848	-0.004454
3635	3940	-0.034283
3896	5692	-0.041099
4125	4134	-0.011259
3001	5437	0.020326
4119	2917	0.067964
2317	5816	0.000395
5646	4888	-0.030381
4468	5532	-0.042789
5078	2911	0.008188
4501	4638	-0.012791
3918	5474	0.011163
4222	4737	0.005682
3114	5802	-0.018730
4094	6532	-0.008688
4127	3142	0.000456
5782	3954	-0.036730
2824	3839	-0.005290
3712	2955	0.015650
2497	6680	0.002304
3795	5644	-0.000336
3789	5197	-0.070278
5928	5143	-0.025360
5441	3215	0.001865
6161	4941	0.004201
5299	2719	-0.050759
2347	6734	-0.029429
4837	5717	-0.004244
4083	4206	-0.017665
3236	3374	0.024836
2934	3126	-0.009317
3741	2801	-0.000875
3336	3410	-0.039251
5950	5484	-0.006702
5114	4725	0.022605
3847	2973	-0.009039
3899	3317	-0.003005
5607	5229	0.046307
4492	3358	-0.006810
2481	3549	-0.008263
4136	5557	0.011873
4312	6114	-0.010519
2884	4273	-0.004384
3608	3971	-0.006599
3304	6486	-0.027368
3501	5527	-0.058519
2729	5596	-0.021496
5549	6241	-0.006582
4351	4581	0.012516
4983	6232	0.001848
4248	4357	0.003972
3496	6340	-0.007032
5702	6400	-0.009742
4011	2864	0.014665
3574	4651	-0.002662
4020	4918	-0.017556
2729	4090	0.000012
3561	3537	0.006526
3109	2924	-0.022318
3091	6588	0.010464
5004	4837	-0.055055
2942	3332	-0.006269
4744	5115	-0.000611
5660	5304	0.010452
5910	4119	0.002147
5826	2686	-0.011809
3044	4778	0.020220
3640	5831	-0.035627
5567	5151	-0.002221
3351	3423	0.004220
4397	3591	-0.012022
2442	3017	-0.039931
2796	5317	0.028870
5452	2564	0.008387
4407	6309	-0.027773
4531	6536	-0.062333
5312	6101	0.044883
5210	4527	-0.005803
2540	5680	-0.033568
4571	5536	0.019924
5671	3160	0.013098
1971	3149	-0.036365
5399	5712	0.050591
3737	3041	0.019558
3907	3029	-0.026336
3468	4044	0.001693
2731	4130	-0.015037
2317	5241	-0.016140
3255	6167	-0.039612
5873	3961	-0.021321
4518	4157	0.018266
2671	2698	0.003385
4860	6220	-0.001160
5874	3998	0.067546
6010	5516	-0.041231
2164	5308	0.007265
3562	5922	-0.037157
3007	5069	-0.013785
4411	2675	0.026378
2325	5681	-0.002447
1965	2820	0.014592
4427	5988	-0.033828
2472	6264	-0.016355
4091	3572	-0.015862
5539	6208	0.002781
5715	6482	0.016156
5612	5170	-0.049845
2644	5456	0.053552
3115	4120	0.032149
4155	6247	-0.002920
4401	4106	0.017650
5829	4342	-0.020745
5683	6330	0.006774
4227	2863	0.015871
4836	3090	-0.028451
3226	3583	0.001672
2676	2602	-0.030701
3746	5555	-0.001091
2048	2894	0.009177
3191	2743	0.015108
3690	5868	-0.001945
3534	4486	0.059773
2929	5330	-0.020247
2307	5141	-0.010969
5578	4288	0.021327
4493	4419	0.004866
2472	3447	0.058095
3464	5025	0.015948
4928	4462	-0.022084
3783	4719	-0.014056
4199	5261	0.009163
3439	3100	0.029348
3443	5867	0.097916
3275	6485	-0.006039
3476	5599	0.027060
2865	2898	-0.015124
2186	4905	-0.006997
3262	3208	0.027862
5704	3290	-0.012399
2523	4524	-0.029402
5880	5841	-0.013477
6036	4761	0.010860
3390	5113	-0.005746
2351	6082	-0.015062
4656	6222	0.005029
4216	2635	0.012208
5490	4118	-0.010791
5436	3483	-0.023436
5180	4290	-0.076574
5413	5526	0.008827
3147	5686	-0.011315
5939	6425	-0.033385
4414	6008	-0.001697
4729	6592	0.001683
3818	2539	0.005492
2235	5763	0.003239
4363	6112	0.009670
5898	3865	0.005639
2263	4488	-0.004025
4773	4737	0.013179
2954	5113	-0.022275
5368	3876	0.003585
2922	5669	0.036492
3757	3444	0.021421
5329	6112	0.012085
4287	5001	0.012076
3393	5794	0.051761
4224	4931	-0.004545
5767	6429	-0.020273
2193	3264	-0.021301
5397	4186	-0.006863
4737	5375	0.043375
3051	3583	0.031388
4941	6191	0.018412
3632	4178	-0.059702
5806	3793	0.061155
5398	4977	0.030232
2548	4833	0.000651
5245	2869	-0.010353
4442	5033	0.020961
5275	4823	-0.003744
5361	5379	0.003097
5067	4846	0.005714
3090	5839	0.029972
5230	3896	0.001305
4197	3163	-0.016099
5806	4678	-0.011900
4132	6023	0.021694
4653	3136	-0.041608
3480	5469	0.058648
5772	5529	0.037705
2123	5121	0.019779
5438	4121	0.032055
5941	6511	-0.010071
2939	3832	-0.027947
2559	6620	0.032529
4893	2709	0.005783
4498	2999	0.020795
2087	3783	-0.038014
6254	5686	0.034146
3420	3655	-0.015094
3160	6386	-0.011825
5749	5863	-0.017123
4198	4997	-0.031310
3720	5898	0.016116
5248	6172	-0.006944
4314	3801	-0.045440
3087	6567	0.005519
2339	5416	-0.023538
2401	4461	0.010574
5946	3148	-0.023206
5623	5424	-0.050482
5085	2766	-0.000922
2328	3775	-0.016629
3780	2746	-0.000735
2901	5558	0.043824
4711	2885	-0.032568
3854	3345	0.010913
5584	2611	0.015618
4461	4470	-0.019285
5287	5101	0.030866
2783	2990	0.000874
5139	5001	0.011145
5979	3777	-0.021289
3172	3015	0.127131
6009	5000	-0.002585
5032	2608	0.021217
5287	5256	0.018528
2949	5348	-0.017482
2940	5473	-0.018650
3038	6523	0.033989
2301	4356	-0.004558
5626	2986	-0.004826
5176	4953	0.083349
5575	2781	-0.013484
4410	4140	-0.005377
2521	3523	0.009849
4494	3089	0.021711
3248	5821	0.000330
3239	5121	-0.022800
4745	3396	-0.036824
3803	3744	0.020785
4665	4205	-0.019616
4361	6573	0.003098
2380	6722	0.014567
3891	2834	-0.000893
3594	3960	0.031800
3440	6123	0.019990
5661	5656	0.008343
5704	4784	0.007398
3287	5342	-0.043624
2643	3520	-0.038329
4999	6007	0.005994
2511	3106	-0.011247
5778	6102	-0.009326
2495	4037	0.016589
4486	6288	0.017894
3927	3624	-0.042208
3120	3007	-0.006736
5194	2668	-0.015872
2273	3587	-0.014467
5061	4885	-0.044801
2723	6299	0.005606
2953	4622	0.003625
5373	5871	0.031375
5360	4381	0.034468
4146	4780	-0.028983
2556	3397	0.020708
3845	6301	0.012759
2609	6396	-0.005602
2985	4921	-0.015156
5188	4506	0.024494
3767	4807	0.012579
2579	6178	-0.029248
4051	5503	-0.005981
6090	6500	-0.013301
6131	4647	-0.029704
2882	5689	-0.012036
3513	5028	-0.029329
4691	6226	0.002253
3702	5489	0.007024
4562	2870	-0.016006
4872	4935	0.041830
2581	5569	0.010245
5069	6122	-0.002602
2511	5885	-0.001632
2608	4066	-0.009145
5072	5756	-0.041123
2102	4374	0.072046
2268	4285	-0.019584
5288	5468	0.053844
2471	2806	-0.017556
3420	6175	0.024669
2706	5221	0.028624
3162	3909	0.036309
3152	4972	0.004746
5397	5489	-0.004078
3500	4008	-0.041774
3129	2694	-0.015835
3563	3983	0.057681
3762	6485	0.016472
4045	6087	0.017136
4196	3221	0.005073
3563	4520	0.037477
5844	3560	-0.019955
5574	2700	0.014853
4523	3299	-0.034712
5914	5015	0.023663
3528	2878	-0.015710
3883	4287	-0.022613
2825	3286	0.017566
5315	4526	-0.024754
4483	3549	0.062358
5188	4814	-0.014588
5443	3316	0.029513
3185	3309	0.009783
4154	4526	0.044697
2350	4082	0.014238
5710	4700	-0.005254
4991	4153	0.026420
3945	5661	-0.024634
3531	5699	-0.009108
3622	2997	-0.016844
5357	3122	-0.020044
2039	3868	-0.029799
2281	3016	0.026538
5527	3915	-0.011621
4457	4495	0.012653
3855	4828	-0.022128
2935	6123	-0.000276
4044	6232	-0.004250
4929	6116	-0.024303
5384	5370	-0.004356
4723	5292	0.023673
3144	4568	-0.008866
5117	3997	-0.019452
2603	6533	0.003705
4965	4748	0.054331
2532	3580	-0.007557
5262	3121	0.046477
3118	2601	0.011209
2685	5393	0.010340
2440	3836	0.003740
2470	6610	-0.000449
2794	3037	-0.022675
3231	3574	0.002673
4720	3510	0.000106
4055	6136	0.009006
3352	5286	0.018645
3873	4966	-0.020788
4555	5185	0.013693
5147	3199	-0.031457
3548	5359	-0.012540
5524	3763	0.055908
3232	3393	-0.008710
3515	3096	0.037516
2704	4623	0.034881
4330	5192	0.013882
2217	3236	0.030154
3920	6555	-0.026269
3825	5435	0.019303
3310	6609	0.039613
3867	3407	0.046450
2408	4156	-0.014099
2673	4531	-0.026319
4066	3724	-0.020299
2370	3573	0.000336
3663	3560	-0.031093
3784	4339	0.056621
4324	3338	0.046015
3016	3505	0.056499
4556	5203	-0.020209
5419	4030	-0.042141
2754	3878	0.050139
4272	4763	-0.012995
5214	5691	0.020776
2994	4905	-0.040911
5339	3213	0.033765
2357	3961	0.017401
4373	5250	-0.036194
4421	5532	0.023312
2710	4640	-0.058702
3730	5931	-0.009604
2970	3761	-0.001117
5144	4867	0.007796
5371	3452	-0.029639
2312	5638	0.042896
5392	5182	-0.035218
2974	3966	0.001254
3336	4455	0.031965
1922	2743	0.027419
4365	4041	-0.009181
4688	3469	0.004064
2755	4375	-0.019960
4684	2835	-0.004625
5544	4013	0.036275
5777	2683	-0.013413
2761	3130	0.022531
4803	3215	-0.055111
4461	2545	0.057633
2564	3996	0.007577
5062	5188	-0.007671
5543	4314	0.025047
3999	3469	0.038505
2973	5890	-0.039303
5289	3052	0.038038
2240	4576	0.013222
6109	5784	-0.001122
2921	4107	0.016950
4871	2950	-0.001206
3193	6309	-0.044027
2225	3889	0.006880
3715	6427	0.047883
4800	3037	0.020044
3694	4095	-0.029426
3329	6100	-0.012160
5656	6573	0.000575
5271	3088	-0.016016
5090	5989	-0.010006
5230	4473	-0.010107
5170	6010	0.014938
5812	3485	-0.013431
5110	4096	0.035232
5136	4509	0.047318
4702	6560	-0.003191
5059	4458	-0.016683
2656	4587	-0.014871
5624	5157	-0.005841
2099	3184	0.029726
3019	3928	0.010705
3402	5799	0.005534
3618	3319	-0.027697
2601	3067	0.020978
4175	5314	-0.008767
3635	3274	0.018740
4633	4498	-0.016345
4871	3748	-0.036536
4365	3086	0.010505
4776	5037	-0.008544
3143	6338	-0.003181
4105	4154	-0.027249
4925	3653	-0.010871
2939	6643	0.006908
3176	3040	0.010531
5794	5164	0.010050
3922	6388	-0.009432
2314	3017	-0.003885
5773	2915	-0.016086
5698	4937	0.007070
2847	3870	-0.012003
4928	4448	0.025597
6064	5870	0.030975
3322	5752	-0.026998
3551	6643	-0.029420
6041	5280	-0.019733
2768	4113	0.003915
4209	5182	0.023861
4153	4016	0.011891
4594	4794	0.028279
5989	4721	0.026499
3422	4350	-0.021602
5214	5554	0.006710
6059	6453	-0.006977
2994	5355	0.013745
4365	5512	0.009191
3567	4316	-0.017041
2650	4041	-0.003712
4705	2995	0.009104
3706	3871	-0.010970
2882	4686	-0.004943
5329	4605	-0.022909
4478	4771	0.005039
2449	5987	0.016163
2775	5640	-0.022360
4986	4890	0.023372
4401	6117	0.003123
2907	3836	0.021683
5761	4394	-0.042194
4432	4916	0.012045
4799	3216	-0.018191
5393	4426	-0.001252
5081	4642	-0.007305
2470	5367	0.022276
3643	5455	0.001571
3182	6173	-0.004301
4035	2660	0.006529
5376	4632	0.010391
5781	5260	-0.015794
4973	3714	0.014707
2202	5449	-0.003301
2613	5918	0.014622
5978	6341	-0.015439
5530	5749	0.001473
2596	3661	-0.004138
4055	6083	0.002948
2042	2955	-0.016639
5642	5571	0.009381
5769	3402	-0.007006
4375	6618	-0.002752
4204	3293	0.002479
3697	5958	-0.016401
2105	4302	-0.007119
3956	6544	-0.013740
4412	2710	0.005964
3377	4306	-0.000213
5822	4155	-0.050504
2278	3905	0.034814
3043	3980	0.025484
5295	4075	-0.034544
3686	6567	0.024265
4544	6505	-0.016986
2264	5361	0.028337
5578	3329	0.123006
4775	5579	-0.015930
4120	3504	0.018671
4252	3738	-0.016008
3715	3391	-0.008422
4572	5158	-0.043991
6061	5675	0.025097
2174	5054	0.051546
2721	6566	-0.002459
2844	5121	0.030389
6087	6127	0.015298
3110	3491	-0.012699
4434	3679	-0.032886
2408	4125	0.010854
2622	2731	0.063326
4451	3168	0.007192
2992	3738	0.002691
4322	4291	-0.031569
3269	3689	-0.028284
6033	5860	0.027076
5822	5977	0.033485
2367	3641	-0.026651
3763	3830	0.021433
2078	3520	-0.020704
5387	4921	0.020718
4029	6539	-0.011335
6152	6103	0.022419
3333	4238	0.026012
5519	4718	0.005235
4137	3974	0.007556
4331	2646	-0.004443
4173	2544	0.025229
4258	6211	0.025137
3550	4860	-0.003652
2277	4095	-0.009723
2765	5980	0.013905
4871	2629	-0.032554
3154	5850	0.007346
4307	6554	-0.005954
5693	6487	-0.006024
4771	2997	-0.014934
5734	5490	0.028039
2519	2653	0.008407
5171	6234	0.074377
2869	3359	-0.000541
6173	5596	0.022875
4183	5985	-0.003740
2777	6509	0.042887
3506	3022	-0.016491
3580	4904	0.008098
2863	4976	0.041234
5498	4351	-0.016313
5723	5638	-0.001841
5270	3353	0.001531
4716	2988	0.000729
3576	3657	0.017474
3125	5189	-0.011386
2486	3186	-0.014819
3559	6461	-0.017898
2759	5055	-0.035524
2771	3225	0.055409
3816	5269	-0.011305
3889	6578	0.033035
4219	5971	0.014956
3390	3009	-0.005635
2538	5623	0.004202
5452	4514	-0.017286
2351	5264	0.019836
3250	5084	-0.021285
4078	5942	0.015425
4602	3928	-0.012109
3326	2660	0.020919
2907	6633	0.020022
4893	5127	0.021420
3227	2582	-0.040437
3312	2672	0.031842
4762	2848	0.005861
4102	2796	-0.016543
5138	2682	-0.011434
4655	6356	-0.008222
4893	4580	-0.007030
3873	2829	0.006440
3570	3711	-0.021736
2402	6240	-0.009580
3143	3674	0.029665
3736	4399	-0.016070
5044	6143	0.044265
3469	6091	-0.038958
2847	4406	-0.061775
3559	5962	0.007914
3793	4821	-0.009195
3431	6639	0.023936
4605	5616	-0.025988
3219	5003	0.003330
3400	2915	0.003248
4245	3386	-0.028243
4063	2841	-0.007267
5827	5266	0.033810
2729	3216	-0.023388
4099	3286	0.008293
5828	5342	-0.020755
2084	3576	-0.040752
2894	3995	0.004983
2380	4174	-0.053044
3052	3313	0.025047
3635	5564	0.017192
4329	5481	-0.044282
5497	2985	-0.001773
2926	5340	0.061008
4582	4156	0.040249
4012	4561	0.022868
5221	3902	-0.025472
4571	3712	-0.011817
5868	3098	-0.034244
5208	5797	0.030413
3461	3618	0.003557
5281	6043	-0.006094
4001	4990	-0.051138
3013	6295	-0.039699
5200	5889	0.025886
2356	4009	0.043134
3616	5613	0.013269
2635	3470	0.016363
4467	3855	-0.002562
5491	5475	-0.021916
4233	3553	-0.009283
5495	3492	-0.042494
2838	4959	0.012274
3211	4868	0.122336
5442	4174	0.107013
4673	5574	-0.016153
6050	5709	0.023801
5151	4832	0.013228
2391	6446	0.007496
3089	3437	-0.003814
4659	6394	-0.003293
5340	4449	0.023105
3196	4276	-0.052031
2599	6119	0.014891
2054	2968	0.000731
2292	2795	-0.005268
4471	4259	0.029825
3986	3018	0.011452
2060	3968	0.027675
3451	3942	-0.025107
2558	6697	-0.066557
5003	3146	0.020259
5294	3276	-0.029084
2494	5826	-0.027370
5936	5331	-0.000264
4467	3153	-0.008659
5021	5304	-0.012906
4106	5461	-0.027203
2472	2660	-0.002727
5347	4426	-0.024431
5874	3491	-0.020673
2551	4708	0.007049
5613	6016	0.026712
3937	3852	-0.017691
5884	6510	-0.024884
3424	4429	-0.025109
2920	3479	0.007321
4946	3144	0.067296
3113	6596	-0.005977
3650	3069	-0.039508
5211	3325	0.031569
2342	4795	0.039302
3525	3754	-0.000985
4179	4538	-0.037878
3618	4500	-0.009151
5193	4045	0.012916
5731	5748	0.045176
3210	4432	0.049868
2789	5185	0.027970
4551	2824	-0.009200
2266	4230	-0.007503
3241	4954	-0.045982
3537	4238	-0.023036
3077	3372	0.056579
4247	3770	0.014455
4659	5550	-0.012802
5202	5540	-0.007062
4811	3994	-0.020208
3911	4597	0.022725
5714	4850	-0.019917
4339	5596	0.008927
3839	5804	0.037431
4509	4354	0.037640
5598	3077	-0.012102
5727	6229	-0.026852
4693	5056	0.034743
4844	4435	-0.031943
5129	5904	0.016992
4637	3387	-0.002597
3073	5877	0.014990
4488	5487	0.015341
3730	3363	-0.014217
5268	6128	-0.014239
5263	5986	-0.008800
4583	4808	0.044127
4894	4582	-0.017104
4901	5359	0.049333
6196	5779	-0.029981
4317	4255	0.033259
2270	6238	-0.026132
4097	5875	0.003025
5105	6126	0.027297
3589	5606	-0.008912
4397	3317	0.006135
5281	6457	0.000683
3660	4471	-0.035496
2150	3243	0.034030
5281	5196	-0.014839
5889	5260	0.023459
2571	4749	-0.024404
4541	6249	0.012841
5666	4894	0.039972
5787	4810	0.008617
2519	4196	-0.000063
4418	5633	0.002108
4569	4306	-0.007391
3036	5781	0.004484
3571	3718	0.007356
4830	4643	0.043838
3877	4987	-0.035117
3291	5789	0.000811
2013	3390	-0.007098
3430	6152	-0.012260
2718	6073	0.017877
4474	5862	0.032371
5724	5074	-0.013154
6058	4452	0.008677
2573	4132	-0.028894
4577	6388	-0.027811
5641	5608	-0.001659
5878	3445	0.023016
2927	2636	0.003111
2487	2983	-0.011070
3078	3854	-0.053758
5485	6489	-0.000933
4549	3243	0.060879
4561	4250	0.020327
6180	5617	0.008430
2853	3887	0.036889
3295	4187	-0.034894
6126	6000	0.009224
4634	6130	-0.032336
2263	2617	-0.015324
4019	3884	-0.002003
4480	2901	-0.019350
3753	5781	-0.013404
3349	2688	0.004255
4646	5015	-0.030685
5256	5141	-0.014301
4365	3735	0.030781
3235	2550	0.004330
4980	4518	0.018280
4356	3706	-0.019368
2292	4135	-0.047744
4637	4207	0.018124
5155	3628	-0.000649
4006	4880	0.034086
3088	4185	0.019071
4905	5526	-0.006831
3554	6520	0.013766
3374	2554	0.058699
2142	3426	-0.021037
3000	5595	-0.038966
4307	5229	-0.020411
5152	4930	-0.021164
4995	3343	0.024028
3465	3450	-0.007358
4188	5530	0.012903
2882	4801	-0.021173
2603	2869	0.011468
5785	3151	-0.024640
4775	4560	-0.032674
2386	3060	-0.024260
3754	6435	0.001033
4771	4005	-0.006483
5298	5990	0.013389
5778	3363	-0.019910
4794	3414	-0.002545
3331	5632	-0.028227
5014	6075	0.022933
3533	5730	0.005302
5612	5519	0.039096
3215	6203	-0.039686
3529	5014	0.005239
2200	3831	0.005886
3935	3109	-0.012453
3065	4121	-0.011815
4362	6125	0.015277
4895	3992	-0.025276
2981	2682	-0.012459
2350	6019	0.011529
5140	3120	0.020534
5612	3824	-0.011712
2736	3241	-0.009766
6082	5869	0.023005
5738	2618	0.021940
4699	3718	0.014662
4305	4895	0.025365
2506	2740	0.004030
5557	4937	-0.005428
3504	3084	0.012474
5683	3415	0.032959
5730	4809	-0.031487
3777	2883	-0.001283
4034	2622	0.005943
5044	4334	0.001916
5415	3297	-0.014621
3669	6658	0.032303
4610	4273	0.046157
2647	6343	-0.019283
5388	2598	-0.005103
3368	5083	-0.034817
2638	3734	0.017216
4793	5802	0.048131
4130	4087	-0.009816
1945	2701	0.018575
4707	4314	0.036728
2693	5556	-0.026131
3702	5723	0.000423
3464	4699	0.009456
2955	6554	-0.001336
3055	4785	0.013963
5569	4314	0.005034
4571	6445	-0.010459
2808	6559	0.024542
3223	4473	-0.051281
5715	5520	0.047118
5590	6477	0.018154
4127	3501	-0.007751
5020	6518	0.012424
5234	5043	-0.005091
3445	4851	0.049200
3737	6255	0.046035
4511	3470	-0.018413
4761	6193	-0.035557
3420	5401	0.012918
2558	5583	0.004953
2745	3397	-0.004831
4403	3562	-0.054116
5043	5817	0.039179
5666	5998	0.024294
5360	3126	0.020994
4275	4108	0.023860
2217	3642	-0.055477
4536	2898	0.000002
2438	2590	0.027109
3002	4780	-0.028337
5856	5355	-0.018022
4843	5925	-0.003248
2573	6259	0.052086
3499	4692	0.013688
5439	5025	0.015387
5277	3412	-0.008531
3891	5794	0.007204
5439	5064	-0.001033
3536	4015	-0.020724
2351	2997	-0.029412
2610	4737	0.050363
4728	5608	-0.028377
4603	3256	-0.022906
2128	3168	0.029444
5840	5088	0.022116
4777	3955	-0.017035
2494	3618	0.023137
5598	2712	0.000597
4390	2781	0.024085
2364	3730	0.006214
6077	4417	-0.009315
5821	4041	0.047830
