# aperflux run Tue Jul 14 18:55:31 2020, aper=0.25, sigclip=5.0
# x y flux
2101	2729	0.009053
4811	3985	-0.002475
5242	4206	0.002210
3117	3378	0.004965
2267	3313	0.003351
4013	5498	0.004236
4477	6424	-0.004784
5146	5587	0.018937
4615	3461	0.010652
3590	4359	0.009946
2831	6516	0.002411
4639	4637	0.002206
5790	5754	0.006062
4405	3993	-0.014165
3264	5891	-0.001692
5641	3121	-0.008491
4201	5331	-0.002627
4755	4207	-0.010452
2633	4294	0.014639
3002	5483	0.005287
5206	5218	0.007465
5102	4597	-0.000709
3019	5214	0.022055
6263	6357	0.019457
2470	6476	-0.004014
4505	5982	-0.005601
5564	3235	0.021115
5210	4920	-0.024845
3861	4358	-0.009802
2272	5920	-0.015858
4494	6623	0.014255
4867	6593	-0.003443
5390	3840	-0.007663
5704	4215	0.006941
5382	5862	-0.015864
5366	4268	0.019644
5945	5551	0.009695
3092	4287	-0.010203
5007	3893	0.001591
4590	4279	0.004546
3307	3331	-0.010894
4548	6138	-0.014982
3938	5922	-0.010747
2366	3730	0.016942
3175	5121	0.014521
5845	5756	-0.003142
4858	6239	-0.009405
6144	5231	0.022210
4427	4544	0.016951
2098	3859	0.005791
4964	5941	0.029553
5082	2544	0.004661
4696	5567	0.001552
3973	4728	0.002985
3530	5306	0.006458
3509	5560	0.009033
5979	3815	0.003303
3419	3052	0.005815
5123	2806	-0.004754
4080	3573	-0.003595
3387	3574	0.001540
3496	5083	-0.008914
2729	6368	-0.009124
3323	4568	0.005381
4191	5122	-0.020490
2975	6524	0.011693
2096	4093	-0.009557
2208	5237	0.018245
2340	6570	-0.004168
5968	5886	-0.001772
4157	2685	0.006225
3671	3267	-0.010815
2266	4659	-0.001765
5698	5018	0.014479
2621	5644	-0.002572
5822	3564	-0.006936
5114	3474	0.020310
3390	5032	0.010830
5638	6404	0.014944
4248	5007	0.025499
4140	5131	0.026742
6042	6481	-0.002960
4426	3950	-0.011188
4009	6579	-0.013557
2536	4661	0.006949
2905	3533	-0.016356
4294	6540	-0.009484
4515	3380	0.005526
2260	6488	-0.003103
2374	5598	-0.004039
3176	5103	-0.008300
3723	6538	-0.005644
4319	4232	-0.006410
2017	3697	-0.006387
3757	5068	0.003522
5999	5026	0.000393
3943	5987	0.007159
5661	6464	-0.005811
4640	6193	0.002534
5079	3926	-0.016807
5808	4677	-0.005662
2812	6697	-0.000321
2513	3370	0.020196
5406	2983	-0.000998
5197	2974	-0.001285
2996	6209	0.000047
2419	6137	-0.007044
2221	4421	0.006353
4090	5489	-0.007766
5008	6264	-0.014949
5215	5437	0.017572
4681	5438	-0.013716
4506	6547	0.003153
1909	2852	0.009206
2479	4834	0.004887
3611	6075	-0.024323
2330	6720	0.004461
3377	6475	0.002795
4582	5716	0.002887
6005	4603	0.008138
4444	6058	0.003188
6277	5847	0.008615
5857	2670	0.013276
4752	4510	-0.020695
4944	4242	0.003111
5174	6469	0.004629
5289	6167	0.010038
4479	2827	0.003921
3293	6346	0.005883
2686	3147	0.004395
2582	6545	0.011731
2339	4320	-0.009069
3008	3484	0.008873
2181	4289	-0.005468
5631	6193	-0.015765
4079	3689	0.000512
2947	5355	-0.012042
5421	4423	-0.017803
2891	4789	0.004180
5917	6405	0.002381
3393	3182	0.012136
2632	4332	0.012545
5372	5421	0.013723
5884	4751	0.007626
2987	5587	-0.004553
4506	6528	-0.004512
2701	4347	-0.009572
3083	3265	0.015425
4185	6431	0.000738
5104	6568	-0.003375
5101	3866	-0.006166
2191	5832	0.007024
3476	4643	0.002912
2591	2614	-0.015237
3063	4117	0.006647
2612	3486	0.006787
4775	2776	0.016840
3033	4659	-0.010350
3396	5302	0.022791
2914	4575	0.011023
5887	3277	0.009832
3764	3642	-0.011023
5571	3947	-0.016596
3486	5268	0.013256
2183	3166	0.010671
5013	5932	-0.023394
5760	2733	-0.008370
3247	4149	0.011789
3974	2992	0.000929
2308	6221	0.005929
2548	3738	-0.003265
3766	2577	0.015364
5068	4058	0.000750
5860	5136	0.018071
5548	5529	-0.018368
4928	3868	-0.009766
2661	2740	0.002465
5472	5858	0.008667
3265	6356	-0.011032
1980	2951	-0.001670
4670	4877	-0.010029
5218	4416	0.003848
2761	4026	-0.005919
3784	6647	0.002064
3234	4577	0.006055
4865	2906	0.011771
3985	4085	-0.003425
3333	2718	0.028123
4462	5790	0.009923
5627	2762	0.010608
3031	3250	-0.002982
2602	6577	0.002257
5208	4509	-0.000387
5437	5235	0.007893
3559	4884	0.017893
2596	5194	-0.001408
3292	3528	0.014871
2111	2751	0.005756
5491	6144	-0.009081
4254	5983	-0.009466
3696	5508	0.003716
2914	5302	0.000587
4088	6119	-0.003362
3741	6295	-0.002595
5029	5101	-0.013852
2970	3781	-0.016053
4272	5553	-0.007604
3945	4643	-0.003880
4722	4223	0.009437
5138	2704	0.012346
5783	2767	0.004316
4550	5667	-0.009576
4640	2978	-0.013786
2827	2733	-0.005793
4035	3713	-0.007334
3066	5437	-0.012805
4882	3789	0.005714
2448	6727	-0.005032
4907	5808	0.013589
4756	2983	-0.010384
3445	6240	-0.000990
4337	5017	-0.010124
2134	4491	0.019837
5305	2675	0.002204
5186	4047	-0.013357
6092	5562	0.002257
5141	3551	-0.000929
3318	5927	-0.010658
3701	6111	0.012225
3987	3285	0.005949
2308	5586	-0.003522
2732	3362	-0.002086
4719	4497	0.000164
3679	3858	-0.008417
4710	4193	-0.013231
2529	3335	0.018978
4952	6015	-0.014115
4691	3275	-0.004405
3929	5052	-0.007957
5508	5683	0.004475
4999	4722	0.013392
4667	4613	-0.000943
5042	4112	-0.009018
4607	4726	-0.004917
5531	4766	-0.008969
6239	5598	-0.029177
2905	2788	0.017036
3997	3034	0.013645
3735	3771	-0.013707
3331	5047	0.011914
5386	6058	0.003351
2885	3568	-0.011383
2297	6419	-0.008916
4776	5037	-0.006054
2405	4579	-0.003482
4493	5230	0.008472
4565	3960	0.012700
5149	4834	0.007954
2249	4406	-0.004148
2888	2860	0.003985
4298	4908	0.024407
3814	2793	-0.004011
2474	4884	0.011593
5259	4063	0.028340
3285	6647	-0.011404
2727	2906	-0.003574
4767	6425	-0.002175
3764	3338	-0.019400
3917	4949	-0.006093
4449	2521	0.020997
3792	2834	0.011088
5371	6339	0.010192
4840	3069	0.028475
4122	5735	0.000203
4107	3275	-0.007197
2183	2644	0.007803
4870	6347	-0.000300
5910	5406	0.013612
2288	4440	-0.003622
5869	4007	0.003274
2233	3056	0.015069
5868	3767	0.010142
2863	4974	0.021237
4143	4297	0.001980
4017	3372	0.010191
5950	6539	-0.001468
5100	6273	0.011344
6026	5012	0.002173
4106	4295	0.013009
3178	3627	0.018711
2728	3494	-0.002260
4859	2943	-0.002230
2255	3971	-0.012672
2857	5697	0.002677
4420	4361	-0.024152
4418	5409	0.026234
3748	2616	0.007783
5538	2695	-0.001260
5970	5865	0.007891
3951	6059	-0.007087
6331	6364	0.015761
3687	3855	0.016222
3452	5200	0.001125
5236	3437	-0.006925
4107	5379	-0.020228
4382	6588	0.013182
3648	6124	0.004294
2908	6568	0.001512
4975	2955	0.017576
3499	5074	0.005168
5835	4847	-0.003157
5072	5165	0.015622
5263	4476	0.001591
5373	3333	0.009682
3777	4650	0.011401
3845	3765	0.011387
2818	4441	-0.004471
2683	4622	-0.006440
4151	3053	0.002560
3826	4759	-0.016014
5237	2908	0.009907
3635	5792	0.007076
5492	3335	0.002141
5531	6251	0.003326
6271	6540	0.013384
6211	6322	-0.011508
3637	6037	0.002276
5380	2841	0.002688
4492	2852	-0.007235
4839	2771	0.003104
4475	6485	-0.007914
5448	5140	-0.017637
2890	2716	-0.008677
4640	4498	0.006213
2406	6141	-0.018543
4257	4981	-0.003345
5428	5935	-0.008219
3495	2539	0.011123
3606	5069	0.011851
3718	5760	0.001556
2880	6398	0.024097
6085	5315	0.000902
5883	6539	0.001187
3881	3118	-0.000211
3976	2947	-0.003861
3114	2854	-0.011457
4063	3159	-0.015708
3114	5730	0.006350
5617	3216	-0.007239
4301	3320	0.002410
3243	6374	-0.011663
5533	6056	-0.001948
5256	4509	0.010965
4209	6343	0.001921
2885	4741	0.009610
5934	5429	0.001417
5034	4177	-0.002693
4974	4119	0.019742
4186	4905	-0.023111
1962	3007	-0.007756
3767	3827	0.022582
4712	5791	0.004770
2277	5466	0.003934
3018	4751	-0.000135
2446	3192	-0.003357
3931	4241	0.017193
6151	5581	-0.000581
5343	3957	0.008823
3041	3627	0.017249
5806	4553	0.014765
2393	4235	0.005700
2307	6305	0.003562
2052	3843	-0.000386
2696	5081	0.006680
4326	6560	0.005947
4122	3645	0.010788
2240	3980	-0.017608
2852	5914	-0.003381
5536	2938	0.005115
5473	5434	0.001147
3367	6142	0.001546
5136	4041	0.020300
3623	6501	0.009760
2900	5054	0.007969
4737	6164	0.016513
3815	6633	-0.005444
5226	6329	-0.005820
5021	5607	0.017288
4036	6135	-0.000217
6039	6340	-0.020900
2817	4779	-0.006541
3778	4566	0.013345
4144	5351	0.006656
2801	2748	0.019330
5618	2915	0.018256
2147	3929	0.001132
2588	3566	-0.016346
2680	4468	-0.004235
2640	6638	-0.009318
4133	5323	-0.006795
2555	5118	-0.008690
4559	4123	0.008432
4978	4515	0.023120
5685	2785	-0.002496
2334	3588	0.007316
3650	4595	-0.007191
3584	3035	0.007423
4390	6130	0.005682
4091	3834	-0.008279
4333	6369	-0.020548
4191	3819	-0.008302
3878	5765	0.003324
6036	5703	0.014557
4472	5995	-0.009523
2441	5782	-0.003961
5539	2643	-0.007220
4644	3165	0.016106
3771	2805	0.016219
2429	3040	-0.006991
4295	2904	-0.008425
4697	3169	-0.007484
4068	5192	-0.019471
5162	5514	0.017819
2461	6631	-0.030073
5946	6439	0.006681
2710	5451	0.016020
5221	2798	-0.014616
2454	6646	-0.012807
3798	3373	0.008550
3554	6619	0.013740
5794	3571	-0.004227
2735	5795	-0.007194
3405	2697	0.006220
3716	4609	-0.005675
4895	5463	-0.010600
4880	5357	0.011037
4959	6405	0.000325
3620	3716	0.001657
3199	6266	0.003688
5649	2657	-0.014587
3480	3724	-0.009276
3926	3668	-0.000017
4688	2821	0.005377
2517	6342	-0.000185
6135	5196	-0.008047
2183	3725	0.019321
5820	4329	-0.014300
5699	5893	0.018666
2806	5389	0.000240
4341	5033	-0.012221
5339	5460	-0.010444
3923	5345	-0.004379
5551	5728	0.006712
4313	5132	0.021766
2285	3831	-0.022081
3047	2616	-0.008999
5021	6577	-0.012992
5756	3612	-0.004787
4441	5162	0.004106
4359	5820	-0.000464
3236	5703	0.016897
2227	4613	-0.016092
5899	5374	0.017051
5485	5789	0.002151
5843	5007	0.012707
2417	6386	0.040277
4944	2962	-0.012072
4093	4442	0.003756
4890	6180	0.004946
3795	4930	-0.001019
3309	3337	0.002365
2468	4731	-0.000306
2270	3771	-0.005558
5978	4774	0.021451
4396	6018	0.003031
5004	5423	0.052162
5047	5790	-0.004623
4594	3584	0.009892
2387	3120	0.000611
3949	4928	0.009899
4058	4696	0.012344
2164	3129	-0.016891
3993	5380	0.013011
4918	5522	-0.006228
5049	5538	0.006554
4236	2942	-0.015362
5522	4387	0.023809
3344	2799	0.021655
3591	6087	0.008555
2040	2975	0.007813
2275	5826	0.003935
6010	5696	0.015743
4981	4684	0.011593
2082	4178	-0.005676
4403	4635	-0.002487
4053	3380	-0.012342
3393	4847	0.008505
5465	3514	-0.004678
5457	2559	0.017613
5563	4516	0.016981
6009	5839	0.034046
4527	3723	0.018295
3527	3975	0.001727
4560	5858	0.006488
2567	2738	0.015319
5315	5294	0.016674
4532	6386	-0.032657
5866	2644	0.020447
2337	3890	0.004490
5362	4239	0.012554
5492	4465	-0.008262
4313	2890	0.000621
1955	3225	0.015122
3592	4342	0.012799
4733	4511	-0.005026
3364	4060	0.047975
2793	5469	0.009797
5050	6101	0.012226
3791	4536	0.004200
4339	2863	0.012998
3198	6448	0.018742
5562	5546	-0.000080
3989	4833	0.013380
5326	3046	0.012526
4175	6265	-0.009405
2866	4250	-0.007024
2851	6471	0.001278
2420	2582	-0.001183
3937	3954	-0.011659
5380	4620	0.002724
3595	3408	0.007173
6109	5493	-0.005647
4726	5376	-0.008201
4255	6573	-0.008814
3604	3044	0.000936
5596	4855	0.000974
2274	3235	0.008577
3928	5405	-0.007383
2319	6730	-0.009772
2244	6190	0.007466
4148	3613	0.008273
3426	5763	0.005457
5862	5842	0.012223
4286	5376	-0.003596
5058	4442	-0.005186
4419	4208	0.007417
5036	5018	-0.004500
3155	6691	-0.009627
4137	6040	0.012389
3099	6433	-0.016370
4246	2854	-0.020999
3446	2569	-0.002255
5698	3905	-0.022298
3681	3407	0.001090
2079	3526	0.006270
2544	4139	-0.013670
5940	5279	-0.020411
4642	4715	0.010685
3187	5372	0.007958
4972	5208	0.002109
5810	3926	-0.026326
2726	3362	0.010985
5596	6539	0.006040
2061	2584	-0.001840
5866	4007	0.004897
3813	5796	-0.012955
4682	6146	0.002152
2589	4691	0.006628
3229	5855	0.021006
2030	3333	0.001663
2358	4844	-0.011477
4278	4668	0.019055
3125	5013	-0.012626
5096	5275	0.003651
3310	5660	0.011024
1912	2762	-0.005173
2026	3492	0.006509
3013	5807	-0.007946
5491	2822	-0.007143
2654	3043	-0.006913
5545	4853	-0.013296
2474	4963	0.015142
3398	5044	0.009962
2153	3910	-0.004487
4059	4394	0.014005
5153	4603	0.022673
4428	2655	0.009542
3358	5907	0.007929
2464	2604	0.014453
4187	5544	-0.016253
4753	5224	0.000265
5786	4404	0.004906
4404	6398	0.017261
3786	4972	0.005915
4375	6278	-0.019954
3814	3480	0.012814
4873	3209	-0.007841
3861	3265	-0.006241
4844	2842	-0.005742
5476	5744	0.007488
4858	3121	0.010316
4031	4316	-0.009314
2871	5988	0.012744
2587	5205	0.005055
2520	5349	-0.007302
2165	2676	0.013103
3975	5884	-0.002475
2743	5042	-0.015717
5273	5384	0.007279
5702	4291	0.006433
4056	5218	0.009197
4843	4636	0.024547
5994	4055	0.018162
3692	3795	0.000377
5748	5841	0.001733
3873	6641	-0.009256
4992	4369	0.000561
4773	2570	0.004271
2350	5141	0.002097
4692	3762	-0.004621
4183	5765	0.015487
2585	5157	0.001843
6157	6113	0.000358
5472	4162	0.014320
5987	4889	0.019622
4440	3830	-0.000018
4006	2600	0.006567
5679	3991	0.002942
3797	6069	0.006476
2221	3534	0.019174
3414	6227	0.006132
4491	5697	0.016985
4757	6406	0.002211
3162	4086	-0.001334
3385	6586	0.009894
1989	2996	0.004583
2537	5091	-0.028034
2973	6434	0.016504
2125	3388	-0.008631
6014	4734	0.010933
3728	3726	-0.004852
6127	5889	-0.003759
5387	6246	0.008296
5254	3866	-0.008785
2819	3634	-0.005034
2953	6111	0.008310
5749	4273	0.004357
4302	2922	0.015230
4873	5264	-0.005893
5040	2864	-0.001053
5261	4453	-0.005754
5243	6386	0.014093
2072	4666	0.019893
3981	5429	0.003926
5030	2752	0.003646
4270	5632	0.013447
2598	4698	0.007184
5804	4139	-0.005280
4229	3536	0.016563
5999	3875	0.025485
2947	2787	0.003519
3935	3250	-0.011530
2654	4422	0.013629
3332	4492	-0.021293
5556	3073	-0.017114
5728	6502	0.008580
3426	3405	-0.004023
5146	3926	-0.002195
5718	4143	-0.024708
2696	3774	0.007308
2974	5986	-0.009724
3289	6401	-0.016618
6099	4741	0.002602
3726	4985	-0.012032
4064	5396	0.001127
5780	4157	0.007167
3559	4603	0.011832
3906	6316	-0.002780
5474	5527	0.003442
4605	2662	-0.025610
2302	5541	-0.014152
2889	4446	-0.008555
5374	4271	0.003298
3056	5102	0.015492
3776	4678	0.003911
2787	5486	-0.013636
3670	5939	0.014930
2870	6278	-0.006163
3132	4365	0.003128
2135	4013	-0.000339
3574	4093	-0.002019
2686	5838	0.009888
5121	6617	-0.001650
3571	6076	-0.008125
5652	6245	0.000450
2942	6599	0.015624
2818	6126	0.006709
3316	6585	-0.010212
3011	3528	-0.002672
2398	3439	0.000657
4006	5554	-0.002718
3460	3117	0.007721
2473	6406	-0.000260
2511	5682	0.011118
6002	5426	-0.002179
5517	2641	0.007103
4793	4278	-0.002914
3806	3275	0.007760
2609	5476	0.011370
5076	6580	0.017862
2675	3236	0.000553
5012	5638	-0.002870
2606	6558	0.004096
2321	4233	0.007526
3849	4002	0.002645
4516	6629	0.011511
4299	2580	0.024027
3799	4551	0.008723
4199	3396	0.002413
4216	4593	0.005459
5900	6318	-0.007779
5374	2623	-0.003198
3872	3747	0.021445
4133	6239	-0.006368
5758	3717	0.009209
5158	4143	-0.002491
4358	6558	-0.007286
5502	3383	0.000041
2257	5922	0.009328
2200	5657	0.005588
3860	4931	-0.013482
4377	4139	-0.009853
4826	5958	0.009997
4054	3776	-0.005422
5651	4105	-0.009809
4562	5511	-0.006513
4746	3553	-0.017427
4492	3909	0.040035
3741	2698	0.016210
3780	5425	-0.001753
5327	3500	0.005274
3327	4254	0.042981
5460	5249	0.001226
5704	4381	-0.016168
4002	5497	0.021254
4877	5046	0.006532
4307	4313	0.009148
5334	3498	0.001238
3029	3832	0.002473
2231	2990	-0.010323
4691	4381	0.005632
3470	4522	0.007930
4566	3482	-0.000392
3755	2958	-0.014516
2284	4382	0.008161
2716	4260	-0.013832
6243	6285	-0.029538
2911	3587	0.009505
2737	2585	0.012663
5785	3026	-0.011767
5473	5361	0.014856
5035	2906	-0.012700
5174	5655	0.018415
5296	4723	-0.009258
3116	5617	0.005299
6077	5175	0.009119
5623	4677	-0.023152
2348	6577	0.003222
3842	4346	0.016094
5386	4570	-0.014452
6131	5668	-0.007079
3477	4444	-0.039110
3059	2718	0.019011
4764	5657	0.004264
5512	2943	0.001028
4242	6312	-0.014198
2452	5400	0.000142
6038	5210	0.014626
5252	5140	0.004060
3465	2981	-0.011743
5262	3460	-0.008354
4188	5486	-0.006787
1970	2784	0.000985
3188	3720	-0.013255
3850	3912	-0.002172
4863	3420	-0.006725
2870	4317	0.001613
4852	3865	0.008011
1982	2857	0.010505
6080	5253	-0.005001
5502	3500	-0.007029
2577	3253	0.006253
2256	4527	0.015596
4252	3445	0.007551
2971	3561	-0.004677
2916	5535	-0.013913
3751	4993	0.015255
2217	4778	0.049186
4379	5013	-0.016716
4433	2747	-0.002971
4352	2774	-0.004582
3276	5553	0.016335
3985	6438	-0.012247
4740	6300	0.011808
4699	6162	-0.021375
5251	4795	0.001834
6035	4079	0.037201
5549	3723	0.034475
3576	4871	-0.003575
5027	3454	-0.012586
5829	5295	-0.021791
4019	4061	0.017185
4860	6515	0.007072
3408	4666	0.007515
3399	3353	0.003233
3145	3587	0.018291
2275	5321	-0.006891
4709	4844	-0.010240
5190	3936	-0.001224
5964	4509	0.022638
5697	5371	0.012715
2100	2909	0.006404
5690	4349	-0.008683
5689	3764	0.009267
3740	4738	0.001508
2266	5616	-0.004090
5428	5039	-0.013760
5792	3002	0.005423
3728	2994	0.008145
2594	3654	-0.000932
2963	5313	-0.009258
4878	3666	0.004002
6056	5905	-0.016106
5859	3600	0.010630
4525	4951	-0.002282
2912	3512	-0.005080
5283	3734	-0.012083
3129	5204	0.005832
3145	6310	0.000952
5849	3331	0.022916
5641	5707	-0.024247
3948	6659	0.006357
3275	4786	-0.043504
3811	4472	-0.004754
3825	6566	0.011277
3645	5799	0.003062
3351	5096	-0.000179
4530	3428	0.007797
4445	6300	0.002494
2251	3153	0.006988
6232	5595	0.001656
5316	5630	0.007160
4731	5151	0.012589
5278	4219	0.002029
3096	5941	-0.000312
4823	2624	0.018823
4000	3976	0.006312
5654	4890	0.011784
3409	2855	0.003928
3248	3400	-0.003624
4554	4527	0.010254
4061	5685	0.019620
2174	4651	0.002967
5740	5351	0.010757
4098	3193	-0.000134
4046	2804	0.005956
5276	3791	0.002938
4069	5427	-0.004488
3587	3109	-0.000900
3497	3000	-0.005029
5239	5497	0.015054
5443	3048	-0.011226
5808	3952	-0.013784
4197	4050	0.001024
2308	5203	0.009026
5911	4298	-0.023372
2729	6106	-0.010815
5845	4382	0.003522
3554	5463	-0.003630
5900	5957	0.002920
3347	3261	-0.008593
4334	4393	-0.005123
2774	5218	-0.007636
5787	2734	-0.011206
3650	5144	-0.009241
5166	4004	-0.002621
5807	3509	-0.002494
2259	6392	-0.010464
4077	4487	0.007361
4322	5609	0.002207
3646	5449	-0.021793
2518	5664	0.008607
5173	5163	0.005265
3416	5185	0.012304
4629	3315	-0.004559
3900	4840	0.012212
3038	4784	-0.022393
3835	6012	-0.025404
5277	5443	0.011557
4218	4813	0.004711
2829	5280	-0.011747
5055	5938	-0.009129
6079	5367	-0.007469
3166	4292	-0.000572
3027	5352	0.007623
4889	6062	-0.008390
3470	4609	0.002365
4476	4838	-0.005510
3124	2946	0.000329
4899	4020	0.008611
2934	3854	-0.002985
6060	5762	0.012570
3558	3246	0.014563
4792	5339	-0.008643
4915	3575	-0.011964
3077	3916	0.002847
5477	5381	0.023603
2242	6048	-0.003722
4751	5289	0.001023
4901	2605	-0.004914
1956	3081	0.006305
4433	6244	0.011378
4242	5890	0.011579
5050	3807	-0.008526
5118	3647	0.020710
3155	5944	-0.014786
5467	4278	0.009795
4529	5451	-0.002606
4555	2702	0.013225
4271	3505	0.008868
4648	4727	0.005645
5875	3728	0.006944
4679	2863	-0.007408
5523	4062	0.004594
2504	4831	0.001166
5109	2993	0.002933
3905	5288	0.004952
3185	3986	-0.008753
5799	3146	0.027624
2200	3846	-0.004095
3171	4580	-0.002386
5337	4796	-0.002016
2435	4310	0.002661
2650	3420	0.007275
5151	3801	-0.001434
3982	6406	-0.000076
4690	2903	0.014203
4222	3562	0.013386
3197	3059	0.012206
4235	2910	-0.014411
3198	5766	-0.023873
3405	5170	-0.016147
3475	5298	-0.005851
2868	5429	-0.008482
6157	5666	0.003043
6108	5042	-0.014412
3097	4838	-0.040449
2862	3492	-0.007422
5726	5449	0.002619
4915	3155	0.017802
4811	3560	0.017672
4589	4101	-0.008454
4497	5903	0.012703
5807	3881	-0.009210
5507	5874	-0.001364
4507	6247	-0.011981
3388	2832	0.002456
2159	3120	-0.002447
4017	4168	0.016843
5702	6591	-0.024205
3886	5006	-0.000316
4194	4829	0.024962
4838	5543	-0.008749
5624	5160	-0.006399
4395	4983	0.017950
4139	4288	0.021554
2844	5797	-0.013788
5195	4268	-0.010409
5627	2572	-0.007023
6201	5373	-0.011603
5243	2613	0.012940
5866	3356	-0.007623
5646	4811	0.003552
3587	4622	-0.010237
5820	5009	-0.017549
2574	4072	-0.001869
4608	2754	-0.008111
3112	5617	0.015485
2483	3461	-0.001266
6044	5191	0.000836
6018	6131	-0.002052
3327	2966	-0.010236
5048	6088	0.013038
3198	4003	-0.021245
3870	5203	-0.003356
3535	5235	-0.008181
4816	2933	-0.014345
4124	3415	0.009699
4222	5037	0.004227
4448	4364	0.019889
