# aperflux run Tue Jul 14 18:10:42 2020, aper=1.20, sigclip=5.0
# x y flux
2008	1857	-0.059036
1617	1758	-0.256678
2330	1219	0.131876
2374	1819	0.020608
2844	2107	-0.173797
1275	2134	-0.107620
2698	1694	-0.288079
2736	1602	0.079174
2400	1794	-0.111141
2678	2160	-0.300380
2992	2052	0.531119
2832	2047	-0.039388
1889	1228	0.042235
2394	1920	-0.054677
1716	2755	-0.116572
2617	2651	-0.083566
1759	1385	0.089754
1389	2645	0.090448
1967	2179	-0.036603
2481	1141	0.102927
1695	2352	0.145383
2128	2413	-0.014381
2406	1140	0.130680
1461	1282	0.143195
1232	2098	0.168166
1643	1520	-0.035862
2977	2206	-0.144353
2131	1268	0.027489
2175	2275	-0.347872
1241	1758	-0.009274
2035	2271	-0.363993
2283	2398	-0.001868
1843	1382	-0.181203
2865	1462	0.052198
1535	1437	-0.235660
1975	2355	-0.316245
1931	1463	-0.251994
2342	2242	0.119034
2627	2506	0.028628
2733	1445	-0.027696
2217	2689	0.079285
1742	2347	-0.131732
1176	2064	-0.145356
1371	2292	-0.049692
2117	2592	-0.100559
2969	2176	-0.021262
2384	2821	-0.108761
2465	1516	0.048571
1596	2113	-0.310826
2250	1389	-0.203667
1445	2339	-0.170436
2016	2859	0.147180
2692	1469	0.086876
2727	2514	0.130333
2537	1228	0.118811
2339	1473	0.163013
1352	2116	-0.259511
2420	2331	-0.024764
2267	1368	-0.023956
2070	1278	-0.107311
1663	1995	0.365701
2088	2821	-0.089033
2197	1867	-0.004456
1759	1922	0.009268
1825	2560	0.039488
1875	2563	-0.173381
2570	2232	-0.066281
2595	1329	0.115594
1811	1571	-0.251218
1793	2705	-0.000715
2556	2128	-0.113300
1297	2560	0.010393
2063	2048	0.003956
1579	1954	0.056014
2841	2097	-0.204614
2552	1649	-0.004712
1253	2431	0.022448
1799	2537	0.015824
1750	1810	-0.176849
1788	2371	0.070761
1593	1943	-0.045235
2691	1480	0.208891
1858	2493	-0.132413
1463	2169	-0.129045
1683	2221	-0.047537
2670	1754	-0.071224
1627	1796	0.177993
1277	2064	-0.072776
2122	1526	0.030361
1860	2316	-0.239325
1793	2005	-0.199264
2324	2835	0.016452
1634	1713	-0.043393
1844	2545	-0.085702
2504	2319	0.137665
1978	1311	-0.077626
1619	2133	-0.316155
1814	1747	-0.009372
2821	2066	-0.135881
1721	2305	-0.033249
2590	2520	-0.107105
1254	2112	-0.314867
2488	1914	0.300700
2896	2021	-0.038596
2331	2085	0.118487
2193	1579	0.333770
2601	2524	-0.144527
1773	2862	0.141089
1531	1538	0.074087
2222	2672	-0.137173
2810	1602	-0.047423
1937	2386	-0.074026
2183	1985	-0.075233
2159	1464	-0.082320
1951	1736	-0.090788
2375	2529	-0.058278
2734	2262	0.053308
1904	1207	0.077317
2209	2913	0.258014
1705	1978	-0.062710
2606	2014	-0.053514
2646	1805	0.189616
1232	1973	-0.211573
2392	1510	-0.049097
1448	1369	-0.081546
2383	2163	0.068511
1831	1649	-0.062905
2069	2728	-0.138958
2796	2437	-0.021748
1982	1257	0.037987
2448	1766	-0.091386
2676	2027	0.025255
1867	1496	0.018992
2129	1844	-0.106131
2143	2166	-0.037603
2536	2077	-0.130379
2041	1186	-0.150463
1417	1533	-0.126010
1254	2189	0.006072
2891	1499	0.005319
1734	2520	-0.201900
1377	2405	0.226588
1957	2805	-0.042225
1548	2609	-0.381906
1762	1989	-0.144971
1880	2105	-0.053932
1665	2212	-0.086574
1844	2569	-0.294457
2147	1390	-0.135445
1690	2502	-0.076979
2353	1887	-0.128432
1915	1459	0.047190
1829	1508	-0.123661
2252	2632	0.134860
1632	1600	-0.204547
2374	1815	-0.031256
1394	2023	-0.055268
1701	1901	-0.102561
2308	1620	-0.067908
2601	1403	0.084214
2200	1550	-0.020841
1981	2696	0.036001
2003	1613	-0.106315
1371	2601	0.190783
2317	1270	-0.111930
2571	2402	-0.056275
2100	2859	-0.068810
3015	2189	-0.183636
1874	2440	-0.188923
1868	2611	-0.135574
1441	2617	-0.088596
2421	2551	-0.061658
2144	2519	-0.052482
2342	2395	-0.052150
1512	1710	0.039106
2472	2773	-0.046200
1664	1737	0.026538
2212	2908	0.208131
1925	2122	-0.260751
2588	2074	-0.193821
1500	2534	0.092192
2191	1583	0.162610
1837	1762	-0.035649
1913	1253	-0.101508
2550	1728	-0.109742
1967	1428	-0.172942
2664	2426	-0.161682
1612	2281	0.146182
1369	1564	0.018822
1679	2222	-0.044225
1774	1317	0.084700
2631	2206	-0.057883
1222	1800	-0.148363
1655	1505	0.062682
1963	2755	-0.056382
2314	1822	0.090137
2515	1372	-0.004236
1912	2255	0.196399
2576	1540	0.088431
1224	2239	0.126327
1478	2027	-0.159430
2013	2555	-0.096349
1402	2192	-0.264615
2035	2904	-0.140567
1890	1333	-0.057261
2679	2230	-0.083179
2740	2100	0.049081
1833	1775	-0.044195
2397	1388	0.256255
2201	2259	-0.053242
1549	2084	-0.216141
2220	2214	0.015580
2901	1745	0.287373
1830	1128	0.091611
2231	1560	-0.064520
2719	2464	0.094259
2713	1935	0.035787
2296	2003	-0.082716
2275	1227	0.039718
2024	1793	-0.160715
1779	1997	-0.077671
2092	2831	-0.030431
2187	2769	0.258571
2814	2403	0.060292
1995	2789	-0.227664
1809	2043	-0.225412
1837	2518	0.034496
1450	2482	-0.159040
2071	2025	-0.168448
2183	1452	-0.073873
2226	2245	0.098176
1830	1644	-0.052310
1795	2818	-0.118631
2284	1877	-0.033324
1393	1745	-0.065215
1548	1653	-0.110154
2746	2305	-0.002264
2536	1207	0.033636
1521	1271	-0.087560
1992	1232	-0.041041
1859	2035	-0.263073
2514	1499	0.178816
2818	1940	-0.148358
1557	2823	-0.188746
2441	1418	-0.136365
2643	2268	-0.038314
2080	2563	-0.160337
2463	2671	-0.097379
1566	2707	-0.122211
1904	2835	0.046062
1992	1826	-0.141265
2185	1954	0.106937
1998	2872	0.041416
1595	2132	-0.103478
2849	1823	0.291948
2642	2542	-0.220777
2033	1193	-0.057154
2517	1899	-0.168738
1937	2676	0.013385
2170	1927	-0.254257
1369	1989	-0.159251
1330	1998	-0.029218
1809	2003	-0.030271
2040	1229	0.017584
2504	2161	0.027665
1965	2081	0.131470
2265	2540	-0.027902
2513	2576	-0.003203
2478	2094	0.189022
2082	2464	0.066842
2533	2268	-0.076618
2486	2248	-0.117238
1499	2331	-0.277111
1349	1480	-0.040639
2890	1896	-0.302397
1758	1632	0.130157
1564	2796	0.045608
2299	2247	-0.219814
2803	2378	0.105213
1502	1642	0.028119
2184	2431	-0.031142
1606	1775	-0.077663
2061	2882	-0.067095
1968	2372	-0.070364
2649	2452	-0.001137
1768	1239	-0.109191
2756	1799	0.504809
1285	2175	0.051712
2602	2167	-0.053586
1651	1258	-0.065901
1837	2188	0.020728
1798	2766	-0.271133
2879	1750	-0.134946
2242	2882	0.498622
2263	1778	-0.135832
1214	1824	0.230008
1561	2145	-0.205307
1481	2497	-0.139364
1695	1727	-0.173533
1213	1996	-0.154389
2876	1611	-0.136156
2421	2441	-0.180977
2268	2429	0.034628
2135	2709	-0.082695
1597	1858	-0.037162
2710	2482	-0.129242
2569	1358	-0.033054
2417	2821	0.161396
2087	2497	-0.127528
2559	1531	0.052982
2512	1344	-0.010398
1755	2837	0.023588
2560	1627	-0.010930
2871	2384	-0.058094
2439	1329	-0.265812
2966	2198	-0.062596
2668	2582	0.243388
2701	1517	0.149496
2860	1777	0.122001
1748	1391	-0.157260
1951	2556	-0.371656
1741	1944	-0.176933
1659	2113	-0.212299
2207	2617	-0.001007
1892	2577	-0.010136
2366	2860	0.302533
2403	2554	0.122041
1409	1493	0.049832
1839	2193	0.007548
1261	2095	-0.181978
1600	1866	-0.030476
2606	1508	-0.169994
2581	1339	0.007759
2111	2464	-0.271726
2267	1538	-0.038093
2325	2329	0.040879
1338	1905	-0.048714
2057	2878	-0.116299
2667	2106	-0.129496
1938	1982	0.001148
2010	2477	-0.318557
2180	1440	-0.060926
1601	1500	0.115773
1742	2455	0.118128
1868	2474	-0.115919
2577	1762	-0.143618
1613	2192	-0.052795
2220	1325	-0.132500
2829	2155	-0.219521
1968	1433	-0.208396
2063	1801	-0.028116
1968	2851	0.111673
2267	2014	-0.250173
2160	2772	-0.037597
1749	1671	0.003444
1527	2095	-0.224016
1541	1880	-0.040963
2329	2180	0.017280
2177	2560	-0.134211
2463	1832	-0.144665
2948	2184	-0.141482
2502	1735	-0.031478
1954	2785	0.032713
2535	1594	0.001504
2150	1414	0.041462
1311	1841	-0.018143
1634	2122	-0.413184
1560	2149	-0.048729
2463	2093	-0.001410
1660	1516	-0.174033
1843	2818	-0.145450
2386	1543	-0.116800
2202	1338	0.059377
2529	1889	0.038798
1225	1974	-0.115822
2591	1769	-0.063727
1292	2484	0.081460
2486	1760	-0.230880
3054	2150	0.047083
2351	1176	-0.119349
1397	2490	0.119789
1550	2789	0.154322
1502	1704	-0.153928
1375	1775	0.057079
1332	2540	0.164694
1738	2232	0.065962
1974	1524	-0.045104
2971	2173	0.012280
1688	1974	0.021148
1902	2417	-0.077848
2015	1322	-0.143734
1506	1702	-0.155680
1890	1643	0.291628
1743	2047	0.123029
1932	1469	-0.064120
1912	2770	0.106416
1408	2231	0.156991
1439	1719	-0.047717
2026	2296	-0.327282
1343	2002	-0.169545
1858	1688	0.007083
1774	1281	0.233708
1691	1963	0.000076
1852	2603	-0.097282
2571	1562	0.022227
1602	2399	0.283822
1734	1543	0.118316
1844	2292	-0.257736
1770	2694	-0.140525
2444	1714	0.131526
2579	1341	0.018645
2255	1679	0.002858
1828	2524	-0.028582
1495	1820	-0.092095
1872	1202	-0.024446
2556	1525	-0.022396
2294	1679	-0.031651
1690	1854	-0.123395
1617	1585	-0.205749
1364	2315	-0.115647
1361	1266	0.102321
1895	1851	-0.106611
2203	2225	-0.062545
1600	2834	-0.134755
1693	1266	-0.172339
2085	2505	-0.107311
1395	1911	0.128224
2634	1912	0.053235
1285	2371	-0.019872
2601	1528	0.030307
1117	2118	-0.004306
2019	2846	-0.109979
2473	2289	0.172233
2008	2793	-0.213059
1380	2528	0.146768
2174	1646	0.038962
2260	1874	0.170021
2213	1866	0.069126
1126	2127	0.035292
2926	1895	-0.009622
1870	2849	0.135914
2310	1815	0.120912
2658	2258	-0.126068
2665	2174	-0.264773
2674	2624	-0.138426
2840	1499	0.078201
2652	1653	-0.024789
1325	2450	-0.070806
2728	1747	0.244409
2868	2278	-0.096429
1380	1957	-0.065345
1775	2369	0.050625
1777	1733	0.004483
1418	1852	0.172919
2299	2553	-0.213044
2054	1290	-0.042308
2124	2570	-0.185941
1680	2794	0.162887
2654	2125	-0.201531
2515	1499	0.184748
1514	2161	0.047423
2363	2812	0.197855
2078	2626	-0.117438
1708	1661	0.055834
2256	1580	0.124981
2238	2785	-0.198396
1552	1964	-0.049057
1982	1605	-0.160235
2721	1490	-0.020701
1619	1885	-0.199826
1980	2552	-0.114758
2354	2087	-0.280350
2285	2838	0.194151
2917	1905	-0.211181
1380	1912	0.052062
1928	2672	-0.150468
1385	2452	0.117059
2647	2579	0.155507
1967	1296	-0.062188
2233	1241	0.286265
2162	1714	0.254542
2143	2610	-0.119816
2803	2058	-0.009471
1383	1430	0.272948
1428	1780	0.030364
1915	1855	-0.183987
1852	1626	-0.060733
2193	1986	-0.049495
1927	1962	-0.044398
1683	2089	0.205526
1754	1240	-0.075319
2721	2027	0.013701
1769	2132	0.022558
2576	1546	-0.022984
1931	2667	-0.023378
2322	1607	0.033307
1983	1429	-0.255247
1715	2525	-0.262677
2818	1507	0.165135
1271	1731	0.047863
1356	1507	-0.059823
2809	2042	-0.052479
1776	2593	-0.198013
1950	1601	-0.321236
2048	2139	0.759323
1765	1245	-0.270904
1441	1563	0.115716
1825	2380	0.223142
1771	1746	0.053041
3010	2018	0.222364
1181	2184	0.038164
1524	2522	-0.081871
1966	1088	-0.106993
1807	2502	-0.028178
2040	1694	-0.084994
1774	2457	-0.269518
2410	1291	-0.030368
1596	2174	-0.123884
2464	2104	0.058407
2348	1896	-0.055065
2285	2734	-0.089766
1583	1837	0.086091
1108	1814	0.048435
1896	1678	-0.003358
2054	1682	-0.262901
2527	2583	-0.147901
2124	1614	-0.204553
2341	2085	-0.225195
1808	2571	0.026416
2207	2733	0.053442
1630	2801	0.182629
1494	1301	-0.159374
2604	2118	0.100013
2085	2321	-0.175329
1862	2754	-0.202296
2950	1973	-0.122974
2059	1728	-0.297100
2695	1424	0.118365
1587	1857	-0.016364
2108	2922	0.372623
2265	2587	-0.001974
1688	1853	-0.128710
1339	2414	-0.001918
1311	2574	-0.045449
1508	1543	0.041118
2344	1824	-0.085989
1965	2145	-0.148811
2733	1455	-0.019800
1598	1547	0.122068
1392	2582	-0.088039
2300	2704	0.273222
1239	2426	-0.082494
2415	2795	0.129726
2039	2141	0.313901
2580	1544	-0.052817
2712	1920	-0.014494
1817	1709	-0.253496
1750	2315	-0.160628
2854	1980	-0.152817
2042	2143	0.465761
1881	1270	-0.068091
2307	1961	0.018961
1591	2189	0.079921
1475	2487	-0.007217
1787	1284	0.152419
1435	1912	-0.034528
1790	2602	-0.132673
2077	2000	-0.381814
1315	2586	-0.036477
2620	2529	0.023917
2702	1514	0.056885
2987	2019	0.394696
1682	1575	0.000405
2097	2795	-0.077747
2509	2153	-0.054532
1378	1923	-0.027458
1880	2453	0.046173
1513	1410	-0.051143
1287	2517	0.199812
2515	1969	0.048581
1379	2340	0.060151
2759	2399	-0.032754
2741	1936	-0.273514
2213	1723	-0.078419
2841	1471	0.026143
1832	1448	-0.143584
1801	1998	-0.175943
2232	2058	0.178114
2858	1961	0.018469
2256	2880	0.380112
2739	1573	-0.114813
2518	2730	0.009006
1669	1665	-0.063637
1233	1811	-0.126687
2624	2670	-0.182936
1254	1784	-0.072903
1840	2013	-0.209041
2239	2741	0.141173
2716	1625	0.052030
1531	1825	-0.185488
2699	2459	0.036238
2395	1318	0.198011
2781	1895	0.089094
1974	1988	-0.030173
2006	2461	-0.222948
2490	2685	-0.063040
1899	1289	-0.078436
2085	2867	0.004922
2729	2027	0.149368
2665	1572	-0.031939
2928	2169	-0.064839
1901	2582	-0.056418
1391	1912	0.131667
1176	1989	-0.051523
1335	2600	0.001507
2317	2613	0.068059
2265	1291	0.164376
1581	1835	0.159587
1766	2595	0.094273
2575	1401	0.237461
2145	2250	0.006924
2083	1773	-0.124175
1721	2696	-0.172082
1776	2635	-0.190509
2322	2394	0.068683
1154	2203	0.043694
1693	2383	-0.023832
1265	2371	-0.042565
1816	1675	-0.124061
1321	2252	-0.019893
2454	1802	-0.024615
2530	1166	0.067687
1226	2044	0.010114
1690	2677	0.201167
1678	2530	-0.186716
2234	2540	-0.197526
1321	1816	0.116788
2166	2108	-0.206459
1835	2056	-0.117488
1986	2193	-0.207375
2121	2179	-0.126820
1783	2315	-0.026446
2517	2233	-0.169825
1565	2662	-0.208004
1579	2316	-0.052543
1802	2015	-0.351204
2001	2390	-0.052334
1737	2038	0.104635
2156	1436	-0.145399
1422	1699	0.071624
1440	1804	0.055886
1693	2849	0.276784
2092	1649	0.169791
2335	1197	0.046868
2029	1628	-0.199433
1487	1895	0.059307
2986	2203	-0.278323
1280	2177	-0.042235
1724	1261	-0.193887
2069	1740	-0.216119
1386	2620	-0.174504
1099	1870	-0.122731
1856	1997	-0.041467
2069	1456	-0.082339
1671	1899	-0.312794
1946	1640	-0.221667
2120	2621	-0.241188
1680	1836	0.006140
2163	1511	0.000486
2291	2585	-0.162027
2038	1544	-0.084969
1347	2069	-0.338889
2149	2699	0.038025
1185	2123	-0.044366
1703	2075	0.023657
2472	2227	-0.036027
1197	2080	0.077671
1713	1267	-0.196242
1676	2099	-0.149429
2137	2904	0.208539
2368	1170	-0.019592
2208	2268	-0.085869
2185	2887	-0.190620
2900	1979	-0.208694
2440	2102	-0.209876
2205	2732	0.133141
1864	2366	-0.070393
1479	2673	-0.020510
2225	1525	0.014704
1758	1972	-0.087745
1908	2717	0.017192
2038	2683	-0.126068
1167	2113	-0.092078
2048	2445	0.145355
2393	1830	-0.018373
2199	1917	0.075617
1801	2754	0.111678
1944	1234	-0.063737
2819	1970	0.055455
1424	1319	-0.202145
1419	1329	0.021244
2030	2273	-0.159638
2370	2686	-0.004605
2501	2810	0.037707
1328	1818	0.123272
1861	2857	-0.037910
1380	1611	-0.064447
2690	2416	-0.064945
1574	2620	-0.209147
2654	1935	0.026213
1365	2437	0.150350
1699	2592	-0.040559
1877	2308	-0.191250
2921	1657	-0.109815
2722	1660	-0.099704
1964	2134	-0.260129
2409	2270	-0.226462
2889	2246	-0.033489
1717	1352	0.334037
1792	1363	-0.011659
2157	2872	-0.049487
2486	1171	0.041991
1648	2497	-0.271834
2448	1427	-0.049353
1468	1581	-0.037127
2195	2927	0.147470
2398	2187	-0.109764
2200	2859	-0.086252
1719	2786	0.224174
2465	1328	-0.151837
1778	1493	-0.175157
2042	1784	-0.137435
2454	1128	0.015549
2525	2089	-0.152367
1275	1835	-0.106494
1213	2074	-0.149343
1276	1861	0.014032
1782	2333	-0.184637
1321	2102	-0.150822
1828	2575	-0.104817
1771	1568	0.664757
2399	2600	0.020360
2643	1866	0.048252
1486	2556	-0.023423
2205	1559	-0.220486
1669	2669	0.060336
1942	1709	-0.008655
2078	2752	-0.161250
2335	1923	-0.102742
1731	1905	-0.251909
2385	1808	-0.190899
1768	1818	0.008566
2311	1856	0.076319
1839	2184	-0.108051
1695	1948	-0.165812
1399	1662	-0.015414
2178	2372	0.127264
1822	2570	0.025991
2029	2341	-0.135297
2241	1628	0.013442
1438	1645	-0.192405
2447	1486	-0.170390
2819	2310	-0.005740
1807	1170	0.105254
2607	2536	0.039346
2788	1977	-0.203099
1266	2397	0.028884
2535	1885	-0.044397
2509	1240	-0.061652
1510	1716	-0.021245
2028	1514	0.088758
1601	2141	-0.162984
2316	2414	-0.051154
1931	2555	-0.085379
1977	2192	-0.098256
2736	1821	0.015439
1762	1676	-0.216448
2087	1922	-0.129487
2252	1620	-0.092549
1332	2035	-0.300312
1718	1903	-0.157002
2753	2606	-0.109803
1546	1345	-0.190988
2909	1904	-0.282521
1923	1783	-0.211102
1254	2329	-0.033376
1542	2801	0.134493
2118	2933	-0.341559
2575	1324	-0.203201
2502	1171	0.122528
1610	2843	-0.092789
2000	1255	-0.107399
2089	1947	-0.327476
1998	1586	-0.288717
2385	2691	0.108356
1360	2264	0.128867
2575	2120	-0.119284
1918	1286	0.185946
1902	1452	-0.056863
2674	1996	-0.122910
2908	1945	-0.096051
1301	1309	0.086046
1894	2831	0.061175
1847	2209	-0.015381
2048	2277	0.127452
2484	2151	0.088796
1598	1301	-0.049554
1731	1776	-0.066222
2004	1331	0.013161
1656	2777	0.064196
1714	1401	0.327344
1526	1593	-0.092624
1692	1788	0.020625
2677	2023	-0.015800
2809	1943	-0.025809
1979	1738	0.019673
2578	2472	0.079517
1999	2150	-0.090451
2321	1981	-0.125963
1675	2745	0.098697
2290	1436	-0.174979
2218	1773	-0.135985
1459	2161	-0.190756
2033	1484	-0.258672
2867	2211	0.084029
1365	2481	0.083522
2143	2700	-0.180316
2501	1192	0.077216
2044	2856	-0.062373
1358	2566	0.096150
1530	2441	-0.107376
2397	1188	-0.020360
2327	1296	-0.112046
1336	1899	-0.139013
2508	2834	0.232465
2604	2642	-0.243255
1889	2803	-0.028577
1963	1880	0.036382
2542	1321	-0.100263
1617	1786	-0.119594
1331	2399	0.125176
1837	2532	-0.143400
2903	1977	-0.169974
2793	1503	-0.090679
2783	1973	-0.188466
1955	2249	-0.204501
1440	2057	-0.085074
1429	2456	0.356100
1662	1766	-0.023630
2746	1764	-0.025952
1390	1929	0.045426
2263	1774	-0.056860
1453	2372	-0.108191
1462	2301	-0.010670
1449	1717	0.037323
2106	1494	-0.070307
2722	2255	-0.045966
2605	1409	0.138434
2783	1904	0.019897
2125	1623	-0.154401
1466	1351	-0.123783
2441	1147	0.004417
1468	2242	0.692723
2729	2055	0.149879
1889	2748	0.027197
2453	2308	-0.039309
2135	1745	0.046726
1216	1786	-0.015282
1687	1505	-0.069078
1467	2518	-0.066770
1719	1251	0.005703
2388	1688	-0.111296
1531	1326	-0.105794
2531	2164	0.026365
2031	2440	0.109035
2332	2664	-0.171060
2823	1541	-0.117253
2505	1677	-0.041759
2845	1531	0.003749
1767	2331	-0.163068
2001	2362	-0.121561
2546	2655	0.017220
2731	1658	0.024330
1235	2315	-0.066840
2889	1732	0.303412
2328	2048	-0.125857
1373	2444	0.032863
2345	2184	-0.068049
1652	1786	-0.044617
2163	2373	0.283092
1324	2639	-0.103804
2350	1249	-0.148710
1863	1689	-0.081670
1384	2489	0.017079
2788	1981	-0.094738
1512	2005	-0.104615
1506	1638	-0.054794
1777	1415	-0.054160
1661	2645	0.075705
2037	2253	-0.219745
1884	1236	0.019410
2632	2700	0.228730
2619	1600	-0.079102
1668	2804	0.007784
1398	1307	-0.026595
2425	2302	-0.171956
1768	1328	-0.181940
1970	1080	-0.229724
1314	1788	-0.011719
2840	2272	0.049139
2561	1556	0.094050
1259	2468	-0.021459
2145	2388	-0.291280
2885	1846	-0.256165
2236	1211	-0.199640
2697	2378	-0.052417
2553	2604	-0.077137
2565	2411	-0.002182
1846	1507	-0.192710
2342	1791	0.001586
1654	2228	-0.160903
2322	2543	-0.070362
1901	2416	-0.013861
2495	2833	0.304330
2738	1437	0.011526
1203	2083	-0.011641
1797	1806	-0.194755
1693	2343	-0.045188
1430	1418	-0.123991
1696	1936	0.190570
2282	2605	-0.190974
1530	2448	-0.059084
1659	1543	-0.165199
2550	1473	-0.310716
1973	2512	0.059406
2494	2625	0.021979
2096	1804	-0.328772
1268	2393	0.019197
2133	1933	0.034616
2426	2358	0.020587
1855	1992	-0.128862
1305	1395	-0.002361
1545	2054	-0.064853
1426	1317	-0.159958
1216	2284	0.333470
1753	2525	-0.133897
2277	2345	-0.107469
3032	2183	0.031878
2127	1362	-0.064545
1704	2092	-0.057303
2063	2253	-0.256151
1888	1930	-0.111139
1832	2773	0.323856
2735	1568	-0.159832
2062	1431	-0.100716
2183	2926	-0.050318
2278	2256	0.089489
2702	1667	0.006576
2748	1461	-0.032349
2667	2629	-0.115997
2337	1838	-0.219658
2666	2316	-0.111514
1594	2069	-0.152194
1217	2420	-0.076100
2584	1441	-0.019536
2583	1640	0.272662
2265	2786	0.101816
2723	2331	-0.042794
1749	1498	-0.112280
2565	2022	-0.067951
1831	2147	-0.402827
2531	2783	0.147334
2010	1324	-0.142009
1406	1943	-0.101028
2632	1443	0.057628
2843	1634	-0.082415
2469	1338	-0.021422
2432	1229	-0.035413
2519	1371	-0.085854
1254	1736	0.128930
1234	2304	0.171976
2485	1237	0.055123
1388	1791	-0.050619
1307	2097	-0.068423
1563	1645	0.160644
1373	2189	-0.123269
2426	1366	-0.197665
2310	2315	0.002352
2556	2501	-0.023540
1892	2140	-0.196058
2779	1900	0.035386
1663	1736	-0.052731
1192	1915	-0.016985
1294	2261	0.135117
1840	1598	-0.218301
1325	2355	0.042447
2267	1608	-0.071309
2343	2080	-0.280083
1185	2208	-0.016133
2244	1732	-0.079617
