# aperflux run Fri Sep 18 12:16:15 2020, aper=0.75, sigclip=5.0
# x y flux
3521	2083	-0.106706
3149	5466	0.010476
1910	4814	-0.047407
2937	5163	-0.018827
5355	3282	0.173500
2509	5712	0.094056
3464	5792	-0.079089
2995	3928	0.020462
4865	5246	-0.003390
1667	4563	0.032570
2176	5019	0.033506
2389	3267	0.046665
3983	5784	0.118795
1878	3810	-0.002492
3737	2752	-0.042608
1612	5328	0.022674
4863	4532	-0.049356
4847	3827	-0.155129
4789	4134	-0.150565
2890	5181	0.071884
4058	5286	-0.014665
2357	4746	-0.024743
5733	4590	0.102229
4871	6282	0.067008
3588	4085	0.025743
3304	3984	0.047259
2316	3867	-0.013327
5284	2559	0.171198
4082	4757	0.220522
3238	5139	-0.142892
4279	4267	0.086221
4140	2678	0.008547
2752	4392	0.050109
3437	2262	0.048325
4525	5921	0.037648
4618	6137	0.009739
5301	4558	-0.023275
5552	5821	0.060730
2395	1698	0.075317
2530	1751	0.130988
3141	2825	-0.068510
5251	3749	0.045527
3362	5318	0.056031
3091	3622	-0.028486
4001	5932	0.011812
3226	2998	0.175713
3331	4041	-0.050208
4848	3615	-0.118767
3406	2044	-0.027802
3069	2274	0.053830
3496	1879	0.158311
5604	2375	0.088926
2535	2717	-0.099879
3006	2973	-0.133268
4810	6144	-0.220827
3981	4782	0.004864
3614	5118	-0.065622
2005	5597	-0.011038
1983	3260	0.036480
2898	2094	0.061453
5497	4035	-0.064087
4594	4937	0.039358
3475	4709	0.084427
3014	4926	0.070182
5397	2456	-0.005528
1779	4264	-0.063314
3128	4027	0.229609
2921	5377	-0.068654
2906	5531	0.182993
4943	2494	-0.117441
2046	4913	-0.120813
2632	3271	0.054301
2047	3149	0.068338
2315	5778	-0.048288
2229	5626	-0.063676
4874	3338	-0.010508
2430	4864	0.197214
3374	3313	0.061720
4959	2903	0.148481
2722	3449	0.121648
4504	6138	0.058186
4605	5128	0.153275
2826	2359	-0.018763
3643	3161	0.004997
2208	2702	-0.030842
4439	5142	-0.010005
2918	5707	-0.005471
2010	5151	0.009698
3421	2793	0.021622
4613	5528	0.041914
3441	5599	-0.106879
4035	5233	0.105437
4908	6022	-0.053171
4512	3803	-0.012894
5301	4657	-0.029731
3711	4422	-0.007901
2827	3941	0.019636
3036	3148	0.016243
5751	2830	0.096923
4174	3780	-0.015702
3254	2370	-0.101948
3569	3629	0.006970
2657	4333	-0.024539
5913	2597	0.045367
2741	5366	-0.053790
2023	2603	-0.045243
1804	5060	0.164522
3222	3012	0.088037
2344	4010	0.097921
2029	5345	-0.276653
4655	5135	0.049361
2462	3691	-0.036477
2979	3651	0.048764
4422	5030	0.160771
2052	4880	-0.058493
4069	2648	-0.065190
3804	5810	-0.044913
2963	2869	-0.107971
4740	4214	-0.251331
3116	2536	-0.005888
3034	3972	-0.052466
1792	4165	0.008146
3493	2392	0.122342
5762	2544	-0.006377
5712	4487	0.030517
3260	3111	-0.002842
5593	3964	0.048447
2842	2950	0.152299
2296	4074	-0.066387
2125	5262	-0.001249
5901	2489	-0.059033
2936	3260	0.210857
2295	4468	-0.095624
5165	3999	-0.018025
4097	5933	0.055526
3315	4423	0.075567
2390	3792	-0.066315
3587	3566	0.006650
3494	5532	0.064206
2279	2604	0.039750
2999	4055	0.034429
4471	5917	-0.044610
2781	2342	-0.083472
5045	2613	0.011269
3565	2666	0.187195
3125	4971	0.078793
4156	3907	0.096741
5434	5139	0.141893
4948	3785	0.020812
5767	2535	0.108243
2389	3998	0.103828
5435	5086	0.002832
3327	4672	-0.062549
2045	2104	0.149639
2468	1861	0.059458
4368	3311	-0.006456
3535	3005	-0.033503
5316	2701	-0.047752
2508	2982	-0.082213
2879	2519	-0.028213
2450	1945	-0.001364
3458	5522	0.067422
2741	2939	0.180135
3148	2935	0.135047
5319	5188	0.016206
5234	3315	0.057094
1942	5037	0.130637
3288	4315	-0.067244
4192	2835	0.022068
4718	3714	0.058677
3176	4097	-0.000610
1950	3296	0.065142
4444	5038	0.034472
4264	3769	-0.018755
2261	2497	-0.044765
5250	5471	-0.035801
3648	2135	0.014447
2697	2075	0.092048
3999	3235	0.055547
4939	5692	-0.065219
3184	5385	-0.125694
4437	2326	-0.014889
3207	1881	0.021023
5392	5291	0.021638
3801	3538	-0.057342
3773	5151	-0.098258
5185	3976	-0.000719
3069	1959	-0.048971
4140	2291	-0.025416
5159	3007	0.094032
5037	4855	-0.065108
2529	2614	-0.064804
2579	5580	-0.056510
4177	4183	-0.078934
4806	2333	-0.044143
2930	3029	-0.050143
2165	5138	-0.005687
1997	3890	-0.036018
2295	2737	0.040614
5271	3047	0.076133
3498	3131	0.086928
3623	5557	0.003735
2479	4384	-0.064304
4298	4811	0.054301
3070	4657	0.029084
3106	5783	0.075583
3556	3774	0.058920
4313	4492	0.019512
5067	2972	0.080229
5623	5604	-0.049663
3950	5841	0.052218
3119	4465	-0.114799
2434	5146	-0.076322
5289	6259	-0.032555
2616	2268	0.048289
2140	3515	0.062392
5161	2974	0.108302
2118	3141	-0.091806
3978	4488	-0.026575
2222	1754	0.223823
3676	3518	-0.037245
3241	5141	-0.144775
5643	4431	0.100721
2400	3871	-0.027635
5658	5066	0.148107
3865	5889	0.072593
5528	5835	-0.029486
5489	3015	0.036111
2175	5258	-0.001754
4463	5738	-0.030868
3421	2338	0.135226
3118	3574	0.161213
5237	5289	-0.108917
4926	4902	0.138935
5624	4197	-0.030942
2134	2178	0.129762
5680	2971	0.001802
2378	4162	-0.015606
3334	4048	-0.033019
3698	2142	-0.091855
4628	5197	-0.012314
5092	3279	-0.048411
2365	5827	-0.142091
4712	5466	0.009522
4737	3505	-0.046144
3129	2428	-0.004791
5466	5134	0.285617
1807	4623	0.470097
2937	2476	0.001450
2897	4693	-0.094725
5818	3718	0.036332
5325	2591	0.071981
2683	3050	0.125988
2493	1723	0.031693
3400	5010	0.145732
4439	3998	-0.006839
3628	4556	0.005655
4100	5877	0.036148
1973	4162	0.003728
5051	5594	0.105274
5577	3523	-0.153612
4806	6173	-0.084205
5589	4615	0.044708
5646	4566	0.035979
5808	3898	0.129125
4671	5290	0.116162
3090	3695	-0.047963
5299	4755	-0.116301
5507	2709	-0.053305
3147	5914	-0.046461
3264	1854	-0.006733
4618	4817	0.114979
2078	4972	-0.015086
5294	6122	0.025437
1758	4289	0.173373
3408	5765	0.041967
2998	2944	-0.010586
3613	2266	-0.122664
2816	4369	0.026751
5364	5280	0.180120
5900	2954	0.047618
3039	2614	-0.038146
2830	3154	-0.004289
3963	4852	0.047631
3739	3631	0.190185
3903	1970	0.197233
2855	1813	-0.050211
2009	2098	0.031945
4736	2700	-0.053503
3921	3883	0.047782
5587	4964	0.007636
3871	5828	0.013706
5847	3281	0.030845
4998	4561	0.003479
5245	2547	0.026649
4955	3506	0.066652
3758	4493	-0.120347
2238	2243	-0.036153
5481	4040	0.047530
3044	1935	0.038081
5110	4371	0.096562
5195	5973	-0.056480
4633	5175	0.058908
3197	3546	0.029492
3394	4923	0.084572
3630	3040	0.033311
1551	5487	0.062551
3002	5380	0.125644
5424	4154	0.051398
4006	5215	0.084514
4024	2497	0.044814
3915	4913	-0.048819
4692	5922	-0.002426
3858	3316	0.011449
4733	3996	0.094840
5488	6051	-0.052229
3565	2955	0.004663
1887	3793	0.100106
4496	2987	0.160199
4836	2462	-0.072194
1932	3436	0.159359
4852	4628	0.133269
2489	1792	0.057839
3853	5434	0.096966
4967	5533	0.038443
5703	3076	-0.163591
3626	5233	-0.015178
3538	4012	-0.022138
2721	4259	0.026085
4887	3904	-0.003103
3767	4430	-0.104329
1942	4706	-0.059786
3574	1925	0.052460
4460	4316	-0.109512
3705	2654	0.064949
3995	5302	0.002569
4751	6070	0.017265
3186	5121	0.080508
4455	6191	0.067636
3218	4145	-0.083950
4451	3837	0.092262
5888	3106	0.010166
4711	2735	-0.004436
3867	3265	-0.069845
1868	3044	0.053265
5174	3085	-0.041738
5421	2468	0.017013
2709	5446	0.022098
3104	5862	-0.002834
5389	5309	0.007066
2840	5422	0.010576
3696	3071	-0.037980
5020	2663	-0.085093
2540	2619	-0.035944
5542	4267	0.089420
2025	4345	0.141528
3669	5466	0.102013
2376	2856	0.042391
3288	4889	-0.117468
3519	5115	-0.049064
4383	3890	0.026987
4223	5761	0.104839
4185	3331	0.054563
2371	5141	-0.079052
5012	3926	-0.088340
4237	5131	-0.019268
4153	2697	0.114153
2758	2603	-0.086745
2734	3127	-0.039006
3476	2728	0.070419
4976	2538	-0.027343
3164	4215	0.134180
5125	2712	0.000737
5604	2469	-0.032071
4970	6157	0.071500
5831	2520	0.030603
5817	3532	0.092015
2118	5356	0.276975
3758	4075	0.191604
2493	2370	-0.112094
4685	3788	0.146059
2142	3494	0.138189
3319	2309	0.080494
4795	3764	-0.047274
2229	4216	-0.054367
2961	5800	0.066910
5407	3472	-0.059422
2977	2170	0.150155
2724	4942	-0.047192
3102	3054	-0.046421
3610	5637	0.007590
3149	2299	0.009041
5573	2498	0.048464
5128	4896	-0.066948
2355	1956	-0.153966
3963	4666	-0.163076
3549	4795	0.020354
5031	4002	0.066598
5390	2960	-0.053556
2961	3684	0.100839
1590	5540	-0.033476
3057	3914	0.061195
3950	2305	0.020090
2492	4219	0.095554
4629	4923	0.025099
2318	4197	0.103282
2402	2149	0.076379
3262	2199	0.065155
3443	5666	-0.016947
5634	4834	0.005922
2485	4042	0.085564
3441	6002	-0.049799
2876	3336	0.076856
3459	3283	-0.047103
3892	5522	-0.087920
4418	5757	0.124268
2956	3644	0.160501
5683	3483	0.051565
4816	5841	0.014691
5748	4051	0.071196
5051	5676	0.051766
4396	3374	0.158937
2868	5084	0.038861
5051	4935	0.016962
2988	2026	0.131169
2172	4086	0.037402
4633	5709	0.057601
4895	2563	-0.086718
4654	5756	0.015134
5916	2698	0.124246
4388	4856	0.103900
2563	3929	-0.047673
2224	5326	0.064766
2500	4831	0.003687
5222	3123	-0.045705
2078	2442	-0.052541
4231	3173	-0.078007
2077	2703	-0.084271
4198	4921	-0.091858
4862	5080	-0.004312
3875	5644	0.000838
5519	4779	-0.029576
3934	5259	-0.002005
2420	3608	-0.279097
4117	5195	-0.010524
3891	2258	0.076146
3631	3733	-0.156728
3791	5140	-0.028428
3773	2334	-0.048752
4166	2188	-0.011483
4694	5671	0.036004
3995	4783	0.088464
5080	5295	0.063345
3376	3520	0.122151
1662	5448	-0.031094
5076	3041	0.020840
4621	5949	0.132156
1649	5291	0.206293
5518	2527	0.055541
1564	5611	-0.005960
3315	3473	-0.116512
4970	5478	0.008617
5169	3471	-0.043765
4250	2292	0.012934
4385	3437	0.040968
5745	3710	-0.015364
2495	4307	0.037311
4922	3624	0.005387
4034	5797	-0.016393
2603	3530	0.035817
2556	4183	-0.127886
5027	2214	0.112312
3906	4881	-0.046742
4366	2854	0.030707
2323	3275	0.115247
5602	4791	-0.102862
2978	4086	-0.032790
1952	2441	0.005708
3784	4298	0.002604
5148	3500	0.023747
2174	3622	-0.047440
5330	2597	0.095468
3404	2616	0.042073
3622	2634	-0.055699
3280	5674	0.110246
2929	2943	-0.060389
3527	2851	0.047741
2885	5123	-0.093631
5304	4381	-0.099365
3067	2155	-0.005831
2463	3558	-0.003617
4400	4930	0.029969
3805	2777	-0.062720
3315	5057	-0.022421
4913	6203	-0.075739
5395	6215	0.005318
1956	2404	0.025894
5100	3595	0.013033
2720	2067	0.053350
3493	4858	-0.003863
4394	6180	0.211837
5533	2986	-0.189665
4545	2822	0.118899
4221	3780	-0.069388
5207	6090	0.032981
2811	5712	-0.044812
3831	2170	0.046385
2302	3375	-0.006175
3573	1984	-0.051621
5198	3826	-0.047604
1908	3821	0.060829
3998	4671	-0.179273
4829	2157	0.193207
2748	4965	-0.058836
4339	4137	0.000331
2086	4681	-0.035607
5176	6115	0.034138
2460	2002	0.154160
3681	3420	0.046822
2576	4752	0.003784
3831	4297	-0.074181
2034	4054	0.081542
2932	1872	0.021850
4204	2835	0.032521
3204	2851	0.009730
4039	5950	-0.109591
5541	4274	0.059972
2903	2818	-0.026978
2732	4229	0.040100
1667	4802	0.091160
4996	3077	0.164657
4949	2665	0.027034
4262	2634	0.010134
1930	5546	-0.098773
3868	6074	-0.026553
5135	3325	-0.059288
3860	3157	0.136508
3078	5618	-0.076516
5126	2392	-0.005308
2150	4757	0.039070
5003	2208	0.125188
4180	4192	-0.056454
1759	4959	0.070890
4631	5090	0.013200
2035	3992	-0.035408
2141	2475	0.038209
1827	5544	-0.032234
3026	4028	0.048918
3693	5362	0.240557
1772	5457	-0.009680
2099	5316	-0.020623
5366	2757	-0.004383
5625	5360	0.092138
4686	2424	0.013577
3029	5478	0.086674
1972	2329	0.201254
2623	3274	-0.080552
2444	4410	0.126865
3098	2910	0.042156
5749	4189	0.125475
5527	4018	-0.079959
3775	6018	0.014923
2669	3144	0.180359
4271	2108	-0.036989
2572	2464	0.119605
2204	2074	0.237339
2996	2036	0.059813
1867	4138	-0.060813
4009	3569	-0.024299
2323	4155	0.026152
4276	6165	0.054548
3252	4562	0.078896
4843	4060	0.065199
2242	2491	0.036184
4136	2004	0.210494
4925	4496	0.016852
2316	1980	0.080037
2093	2030	0.103217
5701	3579	0.056258
5712	2866	0.006607
2287	1837	-0.063505
2497	2675	-0.063077
3370	4243	-0.073588
5244	4584	0.097484
3520	1902	0.042207
3051	5613	0.155035
4139	2193	0.096638
3797	4498	-0.054521
5058	2347	-0.123175
2956	4639	-0.014533
3807	3464	-0.071913
3353	5675	0.063635
5457	5201	0.067209
3356	4050	-0.088528
3480	5755	-0.083507
4260	4317	0.034597
3310	3290	0.007890
2884	1916	0.057257
5854	2832	0.097387
4576	3153	-0.046910
4683	2329	0.013766
2607	3030	-0.058317
4082	5010	0.047080
3762	2965	0.011464
4098	4649	0.165228
2908	3643	0.031474
4353	3739	-0.185809
4682	2510	-0.068814
3281	3920	-0.046611
1966	2387	0.076594
5588	5514	-0.047695
5301	4857	-0.215936
4604	5748	0.017771
2783	5275	-0.049484
2478	5509	-0.048754
1958	4127	-0.080900
4109	4411	0.036434
4553	4419	0.173022
3051	5769	0.088002
4805	4288	0.035263
4064	4137	-0.000016
3716	5420	0.047998
2459	4237	0.103894
2228	2022	0.119217
1935	2921	0.119972
3575	2202	0.023889
4025	3696	0.089210
2478	2981	0.137473
3889	3622	0.050667
3961	2697	0.094073
3843	4756	0.102858
3888	4835	0.110736
3886	3849	-0.079793
4104	2051	0.146554
2204	1663	-0.039183
4284	5613	0.169110
3494	4782	-0.061301
2086	2972	-0.105417
4574	2297	-0.123184
4190	5398	-0.042344
3913	2012	0.100119
5162	5778	0.050039
2701	5370	-0.020734
3736	2012	-0.094552
2864	4354	0.195910
2489	3590	0.080026
5316	2422	-0.009919
4105	5502	0.112022
5192	5567	0.211624
2942	4529	-0.008093
2326	1982	-0.001008
5312	5187	0.073455
5645	3773	-0.043851
3941	3468	0.110350
3589	1968	0.097866
2047	1594	0.209755
3462	2543	0.003225
2781	2516	0.083248
2195	3618	-0.025371
4453	2912	0.008634
5303	4863	-0.139433
4309	5641	0.061713
4278	4510	-0.062913
3031	5634	0.041661
2334	1777	0.193465
2031	5073	0.064061
3723	5458	-0.048349
1886	3950	-0.008220
2935	3537	0.131977
4139	2769	0.049643
5474	4853	-0.030333
2800	5569	-0.018017
2034	4408	0.023436
5771	3433	-0.078688
2767	5567	0.029483
4789	4207	-0.101161
2047	2771	0.028647
4000	5010	0.172800
2447	2093	-0.018091
2738	1987	0.009078
4028	3710	0.062980
3579	2687	-0.044911
5215	6114	-0.054315
4598	3378	0.114584
2028	4438	0.061763
2492	2605	-0.033913
3747	4827	0.087978
5036	5351	-0.069098
5329	6313	0.136116
3503	2167	0.231078
5166	2422	-0.047002
4762	2893	0.024296
4322	3059	0.053254
3632	5644	-0.009216
2536	3038	0.017243
3092	4506	0.017541
4789	3585	0.000256
4410	3061	0.080651
2667	3845	-0.144897
3574	5826	0.048512
3082	5611	-0.015001
2700	4706	0.031323
3202	5515	0.088989
2044	5096	0.009526
3119	4201	0.100628
2504	2399	-0.029642
2285	3082	0.020110
5399	4189	-0.019813
3579	5330	0.021909
3222	3939	0.071660
5093	5926	0.076187
3894	6053	0.133759
4861	2586	-0.069202
2763	2070	-0.017327
4663	5552	0.104002
2569	4722	0.019403
1889	4351	0.042338
2841	5198	0.006829
5846	3269	0.036861
4510	3856	0.001191
4442	5421	0.048155
2623	4298	0.105526
3374	4764	-0.028956
2168	3247	-0.045536
3028	5085	-0.086117
5008	5303	-0.027411
4646	3370	0.042158
2950	4991	-0.035401
5133	2714	0.074817
2261	2991	-0.073778
5837	3575	0.029853
2547	1932	0.000308
5701	3979	0.079656
4821	3556	-0.032414
3679	2589	0.066215
4941	5761	0.005638
2168	2088	0.115280
2357	3578	0.038460
2394	1731	0.067784
1715	5425	0.197674
4247	2259	-0.032163
5224	5013	0.033371
3158	3525	0.098228
2560	3318	0.174496
4312	2196	-0.069905
2236	2438	0.030791
2288	5127	-0.016033
2612	2900	-0.053789
4834	3474	-0.026093
3066	2666	-0.102512
2914	3007	0.054070
4569	3072	0.003911
5183	5855	-0.050749
4022	5119	0.048655
4831	3422	0.034412
3792	5565	0.006908
2997	4479	-0.035508
3514	5810	-0.007724
5747	3753	0.118158
3403	3694	-0.127387
2118	3473	0.052885
2979	5342	-0.088540
5561	5294	0.091724
3392	5647	0.178522
2228	4725	-0.002555
2913	5846	-0.000783
4884	3494	0.233331
4600	2487	-0.073649
5201	3329	0.100616
4814	5239	-0.084234
3720	5673	-0.036927
3828	4396	0.070652
2981	4916	-0.016458
5137	3143	-0.112588
3794	4951	-0.067926
2731	4209	-0.067763
4145	5804	-0.057549
4376	2183	0.505062
5522	5089	0.043972
4682	4922	0.023411
2180	3961	0.032759
4559	6214	0.207266
2170	2204	0.099426
4837	2988	0.047618
3873	4548	0.145466
3324	5326	-0.094427
2814	3609	0.037060
3106	4344	0.047709
2433	3953	0.058945
1737	5132	0.164827
1806	4335	0.123894
1810	3698	-0.013801
2107	1686	0.003505
2538	3184	0.084533
3807	5208	-0.006187
2213	4182	0.152518
5812	3637	0.095188
4416	5845	0.051341
5131	5659	0.060106
4784	3575	0.214590
4639	5339	0.198191
5662	4455	0.069309
3457	3882	-0.106643
2447	5598	-0.084103
3375	4037	0.023977
2399	4058	-0.189727
3267	2921	0.101153
5365	3793	0.061906
4009	4131	0.141457
5818	2963	0.105981
5663	4403	0.080194
5537	2513	0.007231
5143	5984	0.036341
4258	2738	-0.017090
3734	2557	0.036771
4221	5278	0.118485
4465	4977	0.146815
4053	4192	0.176954
4541	3393	0.056970
3206	5656	-0.037377
4437	4273	0.039437
5368	4998	-0.078792
4890	2284	0.022309
4298	3384	0.136667
4320	2980	-0.072624
1809	4693	0.041838
3915	5758	-0.042698
5255	5365	0.008688
4248	6168	-0.048017
3491	4241	0.041328
2500	3064	-0.038689
5391	4758	-0.031353
5411	4793	-0.017473
4913	3983	-0.040923
3693	2207	0.006813
3398	2354	0.045548
2114	1903	-0.063137
2318	1982	0.040595
2724	1816	-0.055947
5168	3187	0.059963
4056	4612	-0.075542
3965	4328	0.018661
4271	3794	0.194586
4265	2284	-0.089000
4083	3526	0.075483
2903	3083	-0.125313
5042	2562	0.010833
4208	3680	0.058176
4236	4708	-0.060661
4926	2482	0.032905
1954	5222	-0.048904
3861	5111	0.047313
1789	4634	0.215139
2144	4924	-0.059896
4664	2306	0.010818
4496	4309	-0.046094
3392	3652	0.059565
5415	5715	0.083481
2892	3917	0.053597
5074	3855	0.007597
5520	3161	-0.049821
3127	3697	0.150424
2034	2974	0.061553
2913	3150	0.067943
3383	4833	0.063944
3892	2651	0.024245
2663	2614	-0.017464
5423	3357	0.083921
2937	5787	0.006210
5479	3572	-0.079728
2267	4607	0.033583
4166	3618	0.086332
3887	2145	0.120621
2145	2410	0.004424
3557	2513	0.130070
3765	5496	0.027473
3242	4815	0.036756
5440	3461	-0.002618
4451	6158	0.058614
4448	5881	0.077140
2541	2764	-0.068166
4364	4222	-0.017464
3268	4511	-0.016103
4363	2757	-0.112437
3932	2616	-0.054846
5176	3781	-0.016480
4737	2773	-0.071770
3429	4021	-0.010594
3696	2459	-0.135140
4587	5468	-0.049237
5214	3897	0.029498
4853	4876	-0.146282
3966	3415	-0.004803
3439	5891	0.042328
3192	4577	-0.027259
2499	5484	-0.042942
5046	2553	-0.004644
4912	3025	0.016722
2967	5782	0.122538
4887	5957	-0.046837
3192	3949	-0.052901
2852	4305	-0.103742
4040	2407	0.028400
5383	3114	-0.152297
3930	2065	-0.000960
3751	5927	0.064942
4887	4548	0.033375
1960	3369	0.019209
1893	3700	-0.058055
3110	5779	0.058013
4374	2516	-0.001024
4910	3315	-0.026580
2521	3445	0.145548
3134	2249	0.007762
4006	3009	0.015595
4845	3298	0.016939
2577	4349	0.013808
4817	4288	0.033519
3975	2852	-0.053156
2941	3751	-0.045840
3488	5324	0.062926
1932	5466	0.000312
2918	5319	-0.219782
3414	4549	-0.049646
5461	5261	0.031108
4256	5633	0.032973
4660	2851	0.040440
3658	4501	0.009708
3548	5634	0.020876
2952	2001	0.120074
1749	4316	0.083480
4924	3961	-0.000761
5143	3372	-0.118371
3560	2302	0.048811
4912	5417	-0.047787
3131	2497	0.112867
4977	5803	-0.003963
5688	2775	-0.013975
4712	3581	0.078988
3557	5173	0.091407
5342	5570	-0.000942
2273	5109	0.071637
4579	4077	0.162864
2879	5018	0.013597
3501	2760	-0.001703
4245	4994	-0.050502
3614	2378	0.008333
1947	3302	-0.050618
4153	2148	0.062953
2495	5347	-0.080302
2114	2138	-0.012165
4893	2609	-0.006807
2444	3833	0.055449
3714	4589	0.059612
2128	5265	-0.002047
5520	4797	0.119240
4150	5948	0.071758
3664	3886	-0.021320
4613	3224	0.016808
5255	3087	0.060437
3322	3003	-0.047855
2878	5060	-0.040142
3548	4244	0.159330
4418	5667	0.058479
4493	3604	-0.036417
2197	2432	0.150451
4621	5233	0.174165
5201	2494	-0.025639
5122	5188	-0.018006
1788	4856	0.129696
5257	4198	0.028709
3276	5936	-0.141002
5746	2767	0.003936
4504	2980	0.056900
2220	3150	0.087212
4125	2888	-0.113877
2359	4351	0.001954
4713	3663	0.111278
2615	5022	-0.076960
2836	4965	-0.181368
5106	3924	0.094203
4454	6088	0.048085
2991	4897	-0.000170
4087	5127	0.182240
2266	5803	-0.038922
5298	2285	0.046942
3153	5251	-0.036442
2559	3973	0.111746
4051	5944	-0.095365
2826	2825	0.000697
4386	3064	0.006140
2869	4194	0.057649
3399	4558	0.158107
4318	2276	0.010575
5884	2959	0.087961
5543	2504	0.133433
4886	2361	-0.001404
2607	3676	-0.077196
4658	3422	0.047237
4179	3579	0.096853
