# aperflux run Tue Jun 23 16:54:25 2020, aper=0.20, sigclip=5.0
# x y flux
2707	2275	-0.293258
2220	1135	1.104696
2041	2430	-0.724422
1743	2387	0.279575
1267	3178	-1.385130
1584	3928	-0.449131
1557	2330	-0.570037
1216	3019	-0.245091
2144	2961	0.129995
1846	3270	0.010266
2606	1870	-0.838703
1049	3045	0.871042
1426	2978	1.774527
2127	2766	-0.663617
1098	2696	0.795998
1304	3435	-1.272606
1977	2781	1.032976
1280	3010	0.743419
1178	2889	-0.089361
1024	3435	-0.629067
1307	4304	-0.108620
1505	3720	-0.375177
1523	4224	-1.908120
1207	4088	2.668630
1310	4277	1.261266
2508	1161	-0.547912
1168	3027	0.071128
2766	2309	0.841032
1599	3751	1.391532
833	2314	-0.873851
1129	2459	-0.637450
1593	2018	-0.643518
2477	1460	1.332071
1611	1717	-0.881252
835	3917	-2.537908
1141	2407	0.119575
2749	2209	-0.598273
1544	3282	0.523969
1403	3208	-0.237827
1387	4348	0.302150
1702	2535	-0.787682
1232	2082	-1.687932
2180	1898	-0.896173
805	2882	-0.151456
1650	4067	0.516213
1923	1479	0.654503
1970	4279	-0.255874
2506	1924	-0.342790
1234	4047	0.430231
2874	1511	0.837115
1272	3764	-0.944233
1561	2683	0.006139
2755	1139	1.093423
913	2869	0.307813
1529	4034	-0.242621
1403	3072	2.024320
1792	3656	0.155372
874	3540	2.609752
1883	2980	-0.924310
1049	2241	-2.332494
2046	2071	-2.843111
2137	1323	-1.510825
1824	1861	-0.649641
2533	2098	-0.808664
1517	2506	-1.497142
1473	2875	-1.637321
2360	2222	0.394229
1444	2907	-1.189309
1975	2290	-2.294115
1330	4244	0.181339
2824	1408	1.030940
1143	4270	-0.430435
779	2855	-1.087548
2119	4085	1.226053
1863	2501	-0.600992
1587	4072	-1.195131
1326	3621	0.318584
2447	1356	-2.214723
834	3549	3.197618
2174	2723	0.771462
1266	2451	0.602958
1789	1398	1.326420
2544	1462	1.401290
1730	4005	-1.432150
1497	3220	0.684145
1919	4098	2.045217
1436	4333	-0.375488
1598	3163	-2.459261
1737	2988	-0.026715
953	2462	-1.284078
1077	3821	0.071892
2524	1445	2.634055
1205	3441	1.831626
2659	1399	-0.025576
2928	1893	0.098224
928	3580	-0.885618
1975	3228	-0.484711
2098	2648	-0.077987
2091	1282	1.169952
1269	3113	-0.441488
1797	1141	-2.525521
2865	1266	0.650741
1789	3021	-0.105645
1646	4092	-0.585827
2812	1462	0.551287
865	4156	1.534080
1844	1814	-0.332620
1317	3467	-0.990516
2633	2170	1.540980
1629	1821	3.356984
1589	3429	1.959716
2378	2315	-0.565310
1134	3088	-0.050852
1637	2978	-0.791406
2108	4202	-0.233087
2825	1787	1.551174
1826	3429	0.888406
2380	1602	2.478070
2008	2315	0.872039
2497	1160	-1.222378
2601	2208	-0.757641
1088	2228	-0.072250
1629	3922	0.750451
1469	3153	0.330475
1895	4415	-1.710453
1981	2113	-0.691798
985	2519	1.622420
1495	2577	-1.256073
1928	3529	-0.071501
1465	4201	-1.184118
2556	1145	0.243196
1726	1134	0.525010
803	4287	-3.486765
2134	3663	-0.744032
2338	1159	0.469871
2080	3507	-1.110819
1904	2932	0.734939
1932	1936	1.272112
960	2877	-0.545098
1190	2564	-1.466662
1706	3951	1.385874
2034	1707	1.364585
2699	2175	0.974048
1132	4263	0.184319
2629	1907	1.522701
1591	4365	0.396726
1386	3479	1.982265
2178	2218	-0.272489
2891	1172	-0.475609
1670	1498	0.632903
1755	2160	-0.971986
1812	1948	1.059244
2159	3169	0.848664
2203	1810	-0.054070
1002	2510	0.498985
2386	1586	0.014258
1642	3704	1.496497
2817	1417	-4.011263
1990	1536	-0.333659
1602	4279	0.534962
1007	4362	0.580912
1805	4193	-1.075372
1358	3078	-0.949142
2464	1233	-0.541017
1511	3115	2.467101
920	3065	0.630748
1059	3532	-1.725449
1577	3579	1.256527
1266	3286	-1.658933
1443	3748	-0.229473
1854	1229	-1.376037
2627	1068	0.647319
1294	3254	-1.446134
1345	3809	-1.263855
1219	3198	1.078815
2859	1952	-0.021063
1639	2833	0.159783
1303	4125	0.550699
1876	1111	-2.136769
2739	2292	0.135921
2902	2015	0.947293
1882	2500	0.378327
2191	2170	0.357887
959	2551	1.129444
2924	1502	1.447296
2509	1517	0.475058
2065	3863	0.879091
1308	4146	-0.478353
1198	4407	-0.220685
1702	2878	0.636285
2039	1300	0.366265
919	2767	1.020666
1231	3630	1.836177
1005	2239	2.258554
1511	4027	0.104789
2175	2746	0.597341
1759	3780	-0.346913
1897	4203	-0.146674
916	4424	1.208042
2492	1245	-0.772230
2530	1167	-0.520509
1588	1560	4.947022
982	4233	0.230581
2394	1533	-0.111332
1537	3601	-2.013329
1232	2146	-0.673583
1885	1688	1.700972
1077	4416	-1.101002
2778	1876	-0.400713
2164	1419	2.702721
2484	1896	-0.513793
2349	2013	1.229384
1081	2561	-0.270541
1145	2318	2.831134
2127	1858	-2.283009
1179	4259	-0.654222
2487	1934	-1.155000
1674	3196	0.398506
859	4459	1.453048
2831	1259	0.490977
1742	3477	-0.477051
1333	2788	-0.149231
1268	3003	-0.164223
946	4135	0.465350
1297	3600	1.098148
1457	4157	0.893636
2121	1940	-0.995209
1426	2461	-1.963250
1056	2583	-1.457188
1091	3541	2.455221
1616	2450	-1.273810
2166	3541	-2.398051
1119	2269	-1.242455
782	2855	1.059647
2126	1938	3.132073
2131	1073	0.050083
1107	3074	-0.199338
1659	2885	-2.861052
1907	4447	-0.090008
991	4030	-2.915887
1703	2664	1.787546
1096	3276	-2.306488
1860	2712	-0.780528
2097	2560	-1.535686
1792	1352	-1.372014
1878	2986	-0.559801
1986	3510	1.243547
2817	1654	-0.411011
823	4308	-1.154294
1423	4359	-0.706212
1532	3262	-0.190886
1463	2801	-1.964254
1394	3123	-1.515148
1549	2067	-0.205176
2393	1303	0.376839
1765	2120	1.162929
2420	2209	2.120659
820	2239	0.509535
1235	4260	-1.152259
1291	3067	-0.208884
2242	2290	-2.279706
806	2086	-0.074380
2528	1838	-0.912348
1901	2588	0.161761
2087	3608	-0.500747
2454	2164	-0.459992
1278	3800	-0.032916
1556	3897	-0.768400
1517	3118	0.565148
2507	2082	-0.002300
2563	2137	0.256629
2924	2078	-2.128022
938	2255	-1.421980
815	2138	1.201931
2353	2252	0.589712
1286	2109	0.000074
1720	3881	-1.208895
2096	3706	2.678854
2429	1627	0.489153
1328	3996	0.514142
2034	3336	-0.144273
1855	4020	-3.018025
818	3348	2.764091
996	3590	-0.829575
829	3950	0.490412
2829	1582	-1.012869
2597	1950	1.341011
2592	1854	-0.450367
1202	3576	1.586910
1853	3291	-1.385217
1590	3204	-0.880825
1970	4151	0.220781
1865	3649	-0.170641
1343	3215	0.991062
1864	4165	0.909599
1702	2388	-0.563397
959	3162	-1.063475
2618	1118	1.604972
1586	4006	-0.774808
2143	3479	-2.628207
2094	2386	2.141742
902	4372	-0.329781
900	2691	1.256134
802	3636	-0.344268
2056	1433	0.593438
2123	4340	-1.465210
1923	4185	0.567838
1596	3111	-0.118606
1999	2867	-0.113216
2377	1564	1.264961
1661	3099	0.385059
856	3245	0.489352
1380	3574	-3.176957
1187	2336	-0.987049
2880	2236	0.467654
2820	2018	-0.355201
1170	3888	-2.111538
2112	4456	0.324768
1648	3926	-0.720538
2425	1893	-0.965308
1380	2156	0.625201
959	3145	-1.145667
1556	4008	0.625271
2078	3251	-1.548820
1691	3814	-0.551325
1949	2682	-1.306393
1744	3379	-1.355966
2083	2177	0.252636
1546	4187	-0.913908
1446	3312	3.119779
1183	2785	-0.203206
1870	3365	-0.092451
2166	4386	1.111506
2046	2176	0.096790
2286	1514	-2.070427
2050	3116	0.868333
2843	1984	-1.308828
2197	3149	0.571093
798	4251	-1.075899
1928	2683	2.300043
1677	2303	-2.231805
2471	1104	0.455441
877	2976	-0.408066
1825	2351	-0.190924
1965	1406	-1.242130
1719	2687	-0.671274
1624	3792	0.687353
947	3678	-0.546333
1503	4295	2.984414
1344	2436	-0.064689
1803	2216	-0.798529
1577	3930	-1.906494
2939	1952	2.067536
1234	3285	-0.716561
2692	2167	-0.673912
2859	2162	0.451743
2312	2130	-0.074705
2858	1963	-1.257516
1614	4243	0.363005
1732	2808	-1.505100
1275	3018	0.535925
1700	3910	-1.564052
1429	3352	-0.464844
916	3250	0.699199
2132	1214	-0.509398
1855	4421	1.107637
2184	1112	-2.200299
1117	3467	-0.799285
1301	2355	2.154474
1807	2765	2.905869
1595	4405	0.177017
1727	1153	-0.625064
851	3484	0.854291
1705	2331	-0.790427
1771	1438	2.226337
1461	3021	-0.563993
2434	1163	-0.973494
1068	3670	1.021310
1649	1159	1.318812
874	2227	-0.345646
2954	1134	0.605868
1004	4255	1.903536
1476	3479	-0.169515
2397	1194	0.294327
1527	3808	-3.460189
1327	3551	0.442667
1827	3491	0.972803
1840	2418	-0.347308
2021	1529	0.070413
812	2794	-2.451771
2119	1563	0.415172
1154	3275	-1.580541
1405	4285	1.107448
1880	2294	-2.004312
1016	2302	-0.824761
1268	2622	-0.738827
2348	1764	-0.929669
1809	1513	-0.843002
896	4263	0.483512
1651	2091	-0.224584
1516	3898	0.196810
2104	1401	0.381147
2241	2194	-0.398976
1733	3997	1.075440
2910	1195	1.494785
1982	1781	1.158019
924	4331	0.285059
2534	2189	1.210853
2425	2017	-0.141657
1982	2877	0.937579
1231	3736	0.465893
2206	2262	-1.268266
2010	2264	-1.050162
1538	4158	-1.496139
921	3388	1.132419
1851	2882	0.737765
2035	1505	-0.161272
2859	1872	-0.352912
1338	2362	0.770784
1620	1609	-1.893495
1263	3359	-2.415572
1214	3528	0.729074
2073	3867	1.624711
2039	1368	0.215237
1934	1106	-0.024284
2832	1746	1.058806
1344	3231	-0.517282
1143	3435	3.950900
1147	3742	-0.249563
2019	1516	-0.650874
982	2643	-0.600876
1057	4381	-1.000334
2664	1802	1.249610
1712	2181	-2.572434
1294	2042	-1.246967
1369	4359	-0.156547
941	4282	2.047286
803	3032	0.059775
1855	3296	1.227284
1109	2852	-0.835897
1740	3295	-1.034468
2033	1955	1.155183
1901	4013	-0.154241
2543	1341	-1.163350
1703	2393	-0.263391
2750	1405	-1.271513
1933	3363	-0.359678
1201	4234	-0.786008
1250	4180	-0.085712
1954	3018	1.936698
1325	4377	-2.066708
2922	1351	1.200549
1724	4442	-2.219525
2955	1293	-0.732983
2673	1131	-0.532395
1732	1359	-0.420386
1182	2495	1.279548
2116	3977	-0.003507
2392	1801	-0.692874
2258	1909	0.726314
932	3311	0.703093
1224	3940	0.087402
1329	4446	0.620957
2582	1986	0.285522
1171	3704	3.140812
1593	2193	0.236055
1682	2166	-0.831427
2071	1523	0.253168
915	2094	0.751554
2306	1630	0.038682
1570	3175	0.300583
1268	3270	-0.570947
1339	3276	-0.713686
962	2780	-0.450641
1351	3218	-0.154867
2144	3306	-1.637131
1631	4354	1.482301
2092	3216	-0.285190
2199	2222	-1.739263
1328	3598	2.172436
1950	2734	0.458628
877	2455	1.203103
2085	1495	2.635600
2046	4190	0.437243
2706	1321	-2.121692
1665	1527	-0.954202
1228	2426	1.299137
934	2400	-1.585282
1980	3105	-1.447730
1719	2011	-1.621603
1449	2855	3.443079
2964	1461	-0.887273
2229	2072	-1.814648
1730	1443	-0.769767
970	3414	-0.515573
1148	4436	-0.173780
1577	2939	0.526998
1276	2715	1.361244
1682	1879	-0.812490
2052	4252	-0.116646
2061	3059	-0.777828
836	3241	0.375642
967	2478	-0.438044
2404	1627	-1.041050
2387	2071	1.179996
2823	2207	1.338728
2112	1888	2.509401
1979	2356	0.669469
1087	3991	2.758581
1110	2900	-0.216966
2641	2036	-0.509569
2339	1391	0.398243
1745	2223	0.473388
2960	2114	1.233406
1382	4174	-1.299492
2342	1750	2.477442
1521	2085	-0.254331
962	2135	-0.933061
2425	1972	-0.123417
2481	1750	1.408185
1674	4374	-1.084530
1781	3932	2.293158
889	4088	-2.156190
1524	4181	2.273437
1340	2369	-0.112380
999	2418	0.042547
2187	3552	-0.071879
1676	1659	1.517416
1339	4042	2.202245
2234	1445	-2.104209
1600	3190	-0.649214
2104	1632	0.819460
2052	1502	1.199303
836	2792	0.607695
1799	2800	-1.158727
1355	2504	1.830901
2979	1647	-1.217326
841	4104	-0.101009
977	4156	0.289606
1999	2523	0.349975
2132	4403	3.916554
1478	4173	-0.858210
916	3029	0.509416
2523	2022	-1.312198
976	4459	-0.899048
2200	2962	0.198972
1930	1977	0.107284
1975	1273	0.086642
961	2880	-0.824165
1064	2900	-2.241674
1538	2158	0.175323
889	3721	-1.521836
1922	3623	2.342389
2180	4055	1.440728
1344	2425	-0.762463
2677	1928	1.131479
1003	2271	1.633534
1723	3029	1.425054
1054	4312	-2.932471
886	4041	1.115112
1336	2982	0.663425
2588	1801	0.704528
845	3237	-2.192007
2582	1807	-2.443679
1479	3687	0.569114
1694	3099	1.099417
1950	3341	-2.090228
1744	2784	0.540134
1701	3388	-1.035346
2423	1325	1.749728
1443	2258	0.545979
2925	1914	1.176848
2042	2383	-0.909735
978	3562	1.674973
1573	4326	0.240339
2374	1647	-0.864620
1703	1707	0.096713
2413	1762	-1.108767
1832	2450	0.881615
2513	1556	-0.712530
2160	4119	0.225222
2138	3970	0.752247
1928	3987	-0.621383
1255	3135	-0.569389
1337	3522	1.497171
1388	4028	1.049418
1291	2387	1.541704
1402	2891	0.279197
2513	1555	-0.016356
1198	2662	0.538982
1381	2475	0.727567
1786	1724	-1.343718
2082	3242	-0.694293
1709	3077	-0.189738
1233	3868	-2.212301
1056	4081	1.789315
2338	1546	0.384689
2028	4126	2.741065
1730	2340	0.027557
1898	3973	0.612328
2257	1425	-1.691602
1704	2215	-1.156331
1798	3575	2.736675
2172	4335	1.216358
1922	4060	-0.242625
1150	3737	0.693672
1915	2341	0.201039
1287	3951	-0.276228
898	3715	-0.083224
878	3094	0.381061
2583	2070	-1.333136
1739	1186	2.003243
2684	1793	-0.464758
1995	4130	-1.448859
2167	1210	-1.960917
1271	2592	0.131229
1747	3314	-3.878299
2078	1723	1.994530
1666	2759	0.372112
1723	3483	1.443713
2902	1233	-0.077137
1434	2960	0.571631
2229	1261	1.617669
1815	1790	1.998677
2849	1826	-0.318178
2421	1847	-1.251871
2244	1120	1.706257
1366	3559	-0.849648
1397	3009	1.991034
821	3293	-2.277003
1786	1273	0.063857
1631	4102	0.406138
1894	2131	-0.976006
1662	1565	-1.040211
1467	3537	0.039664
2793	1945	0.279582
1166	2299	0.296419
2125	3043	-0.282649
799	4084	-1.133877
2020	3342	0.607104
1587	3689	1.652532
1887	4367	0.349108
1442	2079	2.318428
2680	1786	-0.322449
1833	4067	0.737656
1455	3855	1.361997
1829	2363	1.889789
2985	1902	0.642167
2191	1538	0.500491
1957	1439	2.528863
1800	3761	1.022298
1098	4265	-1.292702
1056	2871	-0.488834
2738	1516	-0.437622
2250	1201	-0.145992
1131	3575	1.333959
2313	1983	0.102207
1378	3344	1.670259
1945	1718	-0.730944
2279	1967	0.268569
2431	1602	0.782240
2018	1127	-0.431396
1428	4396	-2.354059
1162	3882	1.790552
2061	3248	0.398784
1068	4343	-1.732834
1854	1700	-0.615589
2199	1581	1.005787
2216	1522	1.154023
2749	1797	0.899614
2233	1080	-1.384699
2306	2311	-1.053321
2900	1119	0.860446
2192	4211	3.580000
2284	1558	-2.645119
1247	2355	-0.606797
2163	2318	1.021358
1892	1378	0.503002
1933	3952	-0.803201
1672	4378	-1.327685
1504	4240	0.816973
1166	4389	0.652105
2303	1511	0.897585
1153	4356	-1.184428
1033	2590	-1.814706
2649	1155	-2.885052
1280	3603	2.595785
1922	2207	-0.160264
1764	3381	-1.223940
1472	3538	3.792590
1985	4152	1.488554
1406	3445	-0.426686
2031	1606	1.167435
1495	2292	2.055686
1761	4290	2.506116
1445	2294	0.399622
1752	3301	1.065190
2892	1754	-0.710949
2696	2255	0.009719
1021	2392	-1.303126
2154	3754	-0.500216
2623	1804	-0.537258
828	2676	-0.297873
2563	1855	-0.126886
2106	4380	0.824585
811	4273	2.848113
2574	1892	-0.909147
1158	4382	-1.394537
1468	3154	0.571563
1270	3881	0.249678
991	3287	-1.162605
1000	2150	0.818507
857	3318	-1.070911
2399	1679	-1.399701
1711	3667	-0.218795
2573	2233	-0.300739
2089	1488	-2.590997
1462	2800	-1.874342
1772	2387	-1.661385
1930	1828	-1.966579
1111	3333	-1.491496
1405	3731	0.991781
2133	1311	0.471880
864	2914	0.249803
2875	1289	1.858268
2454	2064	-1.413934
1836	2241	1.593638
1692	3371	0.561344
1220	4066	1.465942
1196	2277	0.937799
1908	1656	1.096291
2188	2255	0.363640
1365	2196	2.781887
1872	3101	0.634557
2123	1753	-2.705133
2037	3557	-0.021111
1412	2789	-2.288784
1878	3672	0.406731
1128	3323	-0.472754
1819	3744	-1.671896
1698	2706	-1.050696
1636	2805	0.636181
971	3123	-0.503979
1974	4365	-0.016385
895	2277	-0.767317
945	2068	2.550636
2300	1722	0.132836
1100	2924	-1.514294
1953	1685	-2.697794
812	4354	-1.636609
1175	2334	0.389362
917	2792	-2.509751
1976	2418	-0.020173
1151	3570	2.265093
817	3723	1.600487
1442	3017	-2.224059
1727	1245	-2.078750
1577	2949	-0.390663
2132	4117	-0.461146
1629	1679	1.476822
2218	1262	2.632811
2782	1851	0.019173
1119	4377	1.908149
2242	1740	-0.870439
1786	3796	0.856349
783	2511	-1.024227
1052	2489	-2.105133
2595	1929	0.146346
1471	2298	0.614561
1562	4053	-0.606071
1674	4255	0.077387
2605	1126	0.416201
1427	2646	0.036103
2836	1257	1.171604
2042	2836	-1.384917
1048	2086	-0.484330
1809	4153	-1.954347
1496	2117	1.149192
1584	3760	1.719213
986	2864	-0.094498
1413	3326	1.269763
1763	1497	1.191012
1067	4456	1.393896
2248	1748	1.349663
2138	1446	1.364914
1906	1632	2.319678
1108	2863	0.059311
2051	2979	-1.507948
1867	1491	-2.395839
1612	3685	-1.144870
864	3414	1.640374
2570	1074	-1.420428
2639	1418	0.969146
1681	2253	-0.241390
792	2275	-0.316394
1883	4303	-0.231273
1939	4153	-0.734300
1087	2252	-0.838634
2177	3050	-1.078385
1838	1270	0.978319
1369	2733	1.049618
2025	3377	0.063689
1805	1643	0.453848
2973	1346	0.029262
2063	2723	2.551064
2474	1136	0.423007
2462	1843	-1.035282
849	3173	-2.516927
1635	2477	0.002943
2833	2239	0.778856
2683	1134	-0.850991
1925	3023	1.888542
1388	2846	-0.261928
1492	3166	-1.362272
2023	1724	-0.607643
1196	2613	-0.286947
935	4051	2.176125
1997	2873	1.723145
2191	2714	-2.910049
792	2982	-3.363489
991	3356	-0.403019
2132	1075	1.029514
2411	1133	0.146639
2886	1755	-0.244836
2929	1473	-0.243484
954	4253	-0.887312
1771	1871	-1.456024
2683	1608	1.485156
2173	1260	0.212367
1772	3196	-0.313319
2764	1659	1.379305
1785	1586	1.295225
2024	1342	0.401603
2207	4332	4.092210
797	2623	-1.412685
922	2225	1.622383
2480	2289	-0.684498
1337	2052	0.124129
1203	3392	1.283135
1513	2798	1.577837
1320	2982	-1.487777
1041	3268	2.058962
1959	4286	-0.627737
2651	2312	-0.303075
2850	1843	-0.706527
2413	2048	0.296243
1219	4276	0.201119
2590	1789	-0.903984
1591	3038	-1.319583
977	2046	-1.492570
1539	2816	-0.436567
1698	1352	-1.057497
2182	2642	0.031677
2180	4048	0.601744
1367	2571	-0.669817
1305	3578	0.303708
2150	1848	2.164729
2040	4009	-1.769231
1267	3158	0.430068
1556	2588	-1.346553
1573	1959	-0.155454
1646	1170	0.418967
1524	2290	-0.728202
2178	3150	1.493201
2136	2326	-0.340256
2229	2092	-0.023377
1462	3323	0.122388
903	2625	-0.388234
1762	3466	1.511893
986	3531	-0.773222
1612	1540	-0.922896
1977	4251	-0.964858
2991	2310	-0.848894
1626	3105	1.591905
2218	1169	-0.056759
1837	1510	-2.461954
2496	1723	1.280556
1603	2590	-0.513459
1768	3219	-1.024069
2080	2395	-0.315002
1140	3890	-1.197476
2091	1808	0.707990
2384	2070	-0.296887
2096	3282	2.967100
1872	4442	0.435026
1845	1440	2.314309
1707	3103	-2.300224
1835	3864	-2.619483
1700	2040	0.467204
1141	2374	0.605487
2022	1974	0.763650
1627	2261	1.266034
969	3446	-0.966320
2375	1948	-1.109301
2738	2202	1.098857
1731	1239	-0.475876
1851	1338	0.975496
2632	1250	-2.557880
2085	4451	0.670753
2484	2102	1.141844
1868	2474	0.559531
1765	1457	2.890011
1894	2795	1.000728
1273	3143	1.084031
1747	2581	1.582011
947	2186	-0.156545
1922	2264	0.589044
905	4374	2.088072
1759	3624	1.168142
1874	3289	-0.401348
2413	1534	2.489278
2658	2007	-0.270248
2273	1894	-0.109372
1758	2159	-1.040262
943	3972	0.149288
2472	2134	-0.346189
1714	1727	-0.604733
2187	3283	-1.404603
1007	2961	0.606939
1756	2464	1.745248
1779	4237	-0.923405
1650	2868	-1.147274
2162	2641	0.729482
1210	4100	0.917879
997	2355	2.048158
2265	1106	-1.953370
1875	3488	-2.054276
2092	2364	2.490468
2892	2320	-0.682620
2911	1695	-0.540729
2065	4390	0.998486
1814	3376	-0.145597
1391	2164	0.600125
2264	1085	-0.027316
817	3251	-1.931388
1468	2223	-0.819778
1812	2410	-1.012557
2835	1293	1.809995
1582	3852	-0.775800
915	4098	-1.811166
1095	2510	0.396777
2979	1622	-1.470663
1743	2817	0.052238
1405	2799	-0.433435
1069	4011	-0.818133
2179	4223	0.635678
2379	1695	0.302212
1772	1698	-0.630311
1697	2906	1.169261
2327	2213	-0.307659
2055	1763	-0.384459
1845	2935	1.619903
1955	1505	0.750988
1517	3884	-1.204020
1966	2744	-1.801550
1451	3686	-0.526228
2314	1908	-0.588266
1050	3063	0.311640
2042	2648	1.444506
1374	3408	1.529992
1220	3014	0.840217
1982	1880	0.021561
1870	2465	1.404779
1344	3587	2.437125
1299	2118	-1.291669
1471	3690	-2.425689
1865	3561	0.423871
981	3357	1.933589
1621	2142	-0.263198
1609	1572	-2.054658
2793	1918	0.371934
1038	3044	1.808287
1339	2810	0.428287
1760	1175	2.708693
2808	1342	-0.056756
1658	1332	-2.005319
963	3022	-2.549761
2085	3404	0.770335
2317	1332	0.771987
1630	3972	-1.461443
1308	2660	-0.233283
888	4005	-0.567673
1273	3443	0.042178
904	3150	1.493102
1160	4215	1.287333
1155	2486	-0.349281
2855	2139	0.823752
1821	3739	0.108776
2008	4074	-1.212374
2892	1242	-0.952888
992	2734	-0.760578
1907	1727	0.518252
2003	1527	1.202125
1560	3941	-0.791334
2146	3552	-2.670121
897	2943	0.784373
1298	4182	0.665537
1940	1572	0.881888
1588	2427	-0.730486
836	2344	0.033638
