# aperflux run Fri Sep  4 00:14:14 2020, aper=0.95, sigclip=5.0
# x y flux
7117	8332	-0.016497
5053	4411	0.089547
5977	6879	-0.113582
10358	7869	-0.014467
6205	7454	-0.118945
5633	4332	0.071282
3684	4578	-0.095413
7043	7262	-0.050686
5479	8472	-0.031024
2557	6811	-0.022091
6634	7739	-0.031315
7734	3121	0.114517
2864	5790	0.063437
9566	9568	0.056342
4256	6331	-0.040642
6107	11746	0.083006
7537	11575	0.120790
5955	8680	-0.079014
9727	8435	0.179155
11473	6644	0.056200
8215	10734	0.224195
4215	9409	0.000173
8284	9877	0.165738
7072	7069	0.151500
9410	7338	0.083434
8045	8397	-0.115650
2676	8105	0.195462
4521	8645	0.323843
7316	8265	-0.128910
8314	5278	-0.231753
10890	7944	0.023190
8897	4422	-0.156041
3529	5035	0.024430
7410	5293	0.129759
9024	6527	0.243228
7071	7633	-0.082745
7194	6995	0.166719
6843	6840	-0.166914
4822	5078	-0.075138
7466	3158	0.242183
8798	5363	0.160029
8110	5220	0.324331
5132	6274	0.185762
8355	4677	0.046387
6167	7150	0.238783
11348	7583	0.060203
7948	10009	0.043978
6056	3640	-0.012830
10786	7815	0.106529
7232	6738	0.015765
1401	7323	0.057124
7939	10260	0.178383
4724	8724	0.135630
5148	6396	-0.065505
4191	4219	0.058848
6545	8296	0.199845
7856	7610	0.249101
8669	3652	0.090105
7617	6062	-0.059254
3621	5126	-0.216556
9541	6259	-0.049828
2888	7612	-0.007721
9844	8595	0.224060
8673	8105	0.077506
9045	9822	0.056359
7712	3676	0.251613
7412	5760	0.154443
5604	2180	0.149055
5536	3747	-0.004993
8063	7041	0.125270
8641	9144	-0.012500
7924	5880	0.149732
8805	10357	-0.000165
7684	8264	-0.099317
9082	10051	-0.019551
3238	8445	-0.111600
6979	4339	0.053064
6779	3869	0.041854
9204	6683	0.218693
10467	6004	-0.041801
5747	2374	0.221490
8658	8396	0.112350
4249	8856	-0.215630
2721	6172	0.113763
8916	3815	0.195612
9577	7339	0.322521
7513	2606	0.001356
7053	6151	-0.189424
7280	10924	-0.026299
3197	7275	0.137684
4659	10600	0.357629
7706	4943	0.289009
6053	11775	0.149426
6609	10170	-0.014044
3906	5238	-0.033031
8467	6978	0.157519
4063	6300	0.256494
7559	6264	-0.035713
9988	8567	-0.046743
8799	7870	-0.054694
9107	9165	0.009003
9010	9461	-0.020448
8561	9552	0.120993
3217	8318	0.080833
6661	1549	0.001203
8530	9872	-0.126743
6021	7174	-0.075358
8849	5499	-0.024028
7653	8078	0.029813
7525	9099	-0.095498
10410	6893	0.327490
5689	4719	0.078594
3100	6849	0.100793
6263	5562	-0.065415
7008	7544	0.055430
6199	10544	0.245216
5082	7196	0.087129
8270	5830	0.219796
9543	6707	-0.055494
7195	9068	0.134331
4938	7037	0.198315
5011	6327	0.184807
7632	9221	0.013830
4943	3042	-0.185133
6879	11087	0.091662
6578	4142	-0.056691
5903	4922	0.027063
6342	2136	0.034529
6049	5953	-0.011720
7426	9823	0.017559
7689	9026	0.086871
9462	7227	0.149689
11396	6138	-0.115683
3957	7808	-0.172755
6890	6892	-0.004555
9298	9650	0.098375
6743	6962	0.140843
6197	3735	0.094000
10840	6292	0.207223
6671	10017	-0.093732
9854	6706	0.180717
4515	6491	-0.110935
8270	4545	0.175091
5729	4179	-0.176652
6491	8359	-0.052324
5999	9625	0.178115
12055	6803	-0.060913
8331	5011	-0.193108
9149	7025	0.223772
5076	9372	0.122524
9843	4735	-0.072822
5497	8654	0.186553
7852	5115	0.077712
8150	3844	0.218858
7380	10727	0.017526
7319	5184	0.185581
8868	9723	-0.078690
9625	5415	0.006456
9196	4758	0.004963
9142	8905	-0.066534
7354	3006	-0.179833
7655	4148	-0.022890
6973	6949	0.209681
9329	8084	-0.010087
7970	5797	0.065274
8185	10759	-0.012506
5259	10786	0.256556
10051	6662	-0.092178
3836	5337	-0.001928
4015	9176	-0.064992
5243	3987	-0.085238
4534	3882	0.088329
6172	11874	-0.047212
8930	9703	0.006802
2162	7367	-0.139811
4575	10100	0.146297
10232	5872	0.000606
5742	10695	0.191494
9520	4662	0.053832
9111	10138	0.077625
7416	7465	0.068608
5988	6587	-0.185645
5300	7466	-0.045629
5582	7791	0.269600
5965	3617	0.226915
9181	7732	0.054156
9576	9045	0.004940
10358	8637	0.012514
8517	4374	0.087158
6330	2919	-0.130415
3307	6557	-0.307596
7580	6715	0.979607
2963	6517	0.316678
5286	9678	0.044487
2885	8062	0.349422
11625	6621	0.154129
1616	7468	0.339213
8383	10850	0.095487
6174	6923	0.433255
3357	6492	0.179310
8123	4902	0.047750
8499	8146	0.128169
10332	5837	0.179113
3886	5715	-0.132171
5686	10894	-0.012398
2152	6485	0.318063
2300	7566	0.048323
9079	7093	-0.055338
10472	7300	0.249289
2852	8365	-0.006367
9462	6124	-0.044941
5011	8899	0.013319
7937	9957	0.007033
5353	6674	-0.067197
6068	4856	0.135861
4351	6183	0.377102
7937	10185	0.119808
4625	5793	-0.055250
1781	7155	-0.011143
1928	7418	-0.117759
10051	6674	-0.085383
3155	5095	0.231665
4300	5969	0.083467
4112	5710	-0.038489
6053	8866	0.219729
5694	5528	0.353989
7338	2406	0.030490
5619	5080	0.303388
7735	6806	-0.129942
8887	8406	-0.120051
8674	6542	0.037144
4150	8292	0.195788
2350	6503	-0.026441
7886	10334	0.310588
3097	7390	0.238054
5426	2744	0.164707
8998	7297	0.123130
5932	5943	-0.023530
7133	5713	0.387657
6871	5265	0.014044
7715	2964	-0.036259
6760	5374	0.142648
6165	5246	-0.004792
6081	8767	-0.163153
6234	3596	-0.144203
1721	6812	0.133692
7339	7653	0.117554
3434	5644	0.219561
8249	3226	-0.032115
10881	6711	0.234859
7855	10280	-0.073666
8584	5435	0.169666
8020	5536	0.062338
7385	11488	-0.048098
5742	3849	0.191294
9014	4999	-0.172418
5721	7947	-0.135960
8593	4190	0.276828
3696	8168	0.006715
8215	6966	0.169049
9266	9504	0.074350
1668	7484	0.084964
9913	5404	0.082909
5604	4725	-0.059485
6665	5133	0.036536
7111	12179	-0.106620
10659	8134	-0.119386
4369	9441	-0.348293
7290	10483	-0.100759
4421	6396	-0.049504
8465	8255	-0.131904
4554	5590	-0.087237
7846	6066	-0.113866
7088	10181	-0.020920
6035	9210	-0.043592
2196	6507	0.042042
6763	8312	0.086705
6649	2097	-0.267161
3564	8450	-0.030418
4653	9935	-0.017151
9461	7992	0.254062
6204	1624	0.148213
7988	11182	-0.060615
6304	10870	0.187883
8022	8313	0.059894
6887	6505	0.050808
7229	7836	0.109996
4529	9888	0.006926
7039	4001	0.003140
11147	6891	0.069705
7774	9343	0.130472
4034	8683	-0.204758
2109	7877	-0.032427
11960	6835	0.011829
7344	8241	0.210355
5285	10198	-0.064971
9549	6199	-0.043266
5879	4922	-0.029847
3399	6070	-0.173537
11508	6325	-0.079696
3602	6329	0.342850
5899	10357	-0.073691
4090	5714	0.132254
9991	5768	0.165355
5205	6751	0.191566
7299	6812	0.029540
3801	4396	-0.075911
6988	3369	-0.130775
6625	10446	0.218308
10667	5866	0.006540
5606	7020	0.539545
7361	5202	0.180674
8467	7968	0.247640
9536	5008	-0.118898
7658	7342	-0.027010
6970	9869	0.119625
7373	2572	0.002561
4380	8952	0.037678
6439	10262	0.188403
8212	7671	0.161566
9962	5211	-0.185302
8335	7491	0.259274
4862	6080	-0.026281
8077	9568	0.002808
7585	8984	0.002893
6616	7250	-0.136422
6640	1749	-0.125431
7719	5666	0.018747
7543	9817	0.210509
6427	6596	-0.030432
9346	5984	-0.062155
5322	10126	-0.006331
2745	5597	-0.140990
4499	5388	0.245882
4803	9149	0.099217
7421	8071	-0.188263
6587	2835	-0.035347
5651	6736	0.029754
6822	5797	-0.041461
6650	7443	0.252557
10025	8473	0.154215
5651	7864	0.093050
7563	4292	0.005290
8781	6254	-0.168729
6843	8479	0.105107
2801	7966	-0.124179
2754	8184	-0.022729
5528	5723	-0.138028
10732	7373	0.153497
4772	10423	0.026241
8061	5813	-0.195285
3707	8030	-0.046200
5691	7761	-0.194767
11007	7334	0.038019
3774	8216	0.224047
9497	9167	0.328505
8075	9214	0.128010
4811	8480	0.077291
6732	3065	0.095820
10821	7709	0.101055
7965	3184	0.122812
3685	6841	0.165600
7810	8670	0.157481
7975	4876	0.355360
9372	7747	-0.106421
7510	11349	0.319131
8106	5049	-0.093540
4391	4895	0.009828
4815	9870	0.165372
8267	7970	0.061531
8021	2947	-0.018964
9729	5674	0.087123
3166	9194	0.094816
9278	4813	-0.070819
10923	7232	0.042142
7685	4597	0.116703
5479	8614	-0.007259
8213	7067	0.137526
7961	4692	0.111582
10078	6581	0.123136
3296	6511	-0.227852
6985	2308	0.070949
2870	7594	0.179583
7678	10357	0.164739
4260	9512	-0.194132
7251	5301	0.027818
8465	4095	-0.113694
7875	8816	-0.097618
2970	8868	-0.049775
7083	4737	-0.148665
8882	9314	-0.046778
10603	5528	-0.139685
8141	3909	0.009063
7235	7255	0.218041
6794	9463	0.137398
6980	9842	0.188014
5645	3525	0.277365
2459	8173	0.029956
6743	12624	0.070154
5096	3672	0.131710
8848	8785	0.041015
10387	8603	0.245609
9532	6567	0.219725
8232	8983	0.008836
2633	5715	-0.005627
9675	4970	0.003971
10351	6044	0.095032
5301	10875	0.031718
4198	10071	0.057984
9098	7393	0.051211
7301	5955	-0.106660
6724	9666	0.362341
4669	9758	0.096180
8755	7844	0.173504
7274	5706	0.074305
9609	6641	0.120103
5740	7051	-0.051186
7785	10643	0.316514
5740	3200	0.016712
6887	4718	0.125033
4910	7500	0.113811
1667	7673	0.272635
3765	7275	-0.029374
11050	7355	-0.060861
7726	10295	-0.104767
7436	6038	0.002861
3445	9513	0.193260
3845	6261	0.056584
3861	5624	-0.145705
4343	5099	0.035202
9630	8368	0.186316
2933	6998	0.144234
9643	4723	0.156611
5673	7602	0.033987
5884	6375	0.207493
3724	9217	0.015198
7814	10440	0.305280
3328	5779	0.104369
5281	10529	0.100958
4056	10062	0.180514
4942	4722	-0.137264
3111	7284	-0.014234
4468	6222	0.064692
2730	7081	-0.013148
7651	8226	-0.039675
3911	8505	0.080529
6081	4908	0.069518
6227	2256	-0.047441
8867	4020	-0.180537
8754	10071	-0.085691
9272	8777	0.197395
5820	2215	0.146723
8432	9237	0.004066
6585	12317	-0.068182
6035	5658	-0.095773
7726	4501	0.070940
1861	7078	-0.136596
8355	7400	-0.131881
3035	8356	0.158037
6229	4724	0.324448
10909	7622	0.025888
3572	6361	0.088393
9821	8357	0.163726
5400	3789	0.036971
2386	6271	0.138550
6958	8730	0.056305
7023	2525	0.173111
7972	9001	0.148101
7790	9800	0.314575
7357	9878	0.121976
9765	8662	0.129361
6541	11103	0.071005
10764	6773	-0.055329
6541	10157	-0.093642
7809	7216	0.037258
6625	4267	-0.072073
5217	11280	0.103042
7569	7336	0.053766
8995	4146	-0.049343
6441	8410	-0.033171
4615	3865	0.017240
8437	10395	0.046813
7373	3857	0.166853
11701	7031	0.611470
6827	2262	0.033719
5440	6854	-0.132106
2716	7795	-0.159031
8113	4850	-0.031074
8435	6878	0.121464
2666	6982	0.193475
9144	4282	-0.130572
8978	5964	-0.017009
10764	6635	0.008667
4332	8877	-0.060034
10632	7991	0.118596
2929	6539	0.000321
7306	5983	0.001427
7668	4345	0.031268
10859	6439	0.006317
1869	6785	0.132215
6795	3459	-0.001544
7933	7226	0.148289
6834	8320	0.096424
6975	6363	0.288690
2247	8176	0.016696
5875	11785	0.356399
6891	3865	0.019975
7047	7512	0.006859
2901	7575	-0.002078
10873	7175	0.145933
8566	4209	0.184485
6516	7495	0.174664
2456	7976	0.009351
8625	10068	0.057698
9483	5894	0.041410
10858	6868	0.084089
4939	7281	-0.082698
9042	6565	0.228779
8631	4641	0.014332
7085	9528	-0.152805
6361	11756	0.167452
4955	3725	0.172750
8275	4905	0.210322
8536	3404	0.270549
5628	8142	0.060976
6669	12412	-0.250095
5733	3212	0.160707
1924	6808	-0.036387
10714	6240	0.026785
8517	10284	0.189493
2689	7249	-0.135658
7965	8417	0.019694
4334	5466	0.104354
8590	5797	0.117562
7328	6534	0.116186
10736	7927	0.187830
5678	5867	-0.058607
8702	3908	-0.042222
9196	6064	0.348274
5628	11275	0.282195
5939	6490	0.137005
8980	7036	0.222191
3383	7163	0.476890
7671	3632	-0.048321
9789	8389	0.090433
9018	5044	0.103309
6322	3379	0.302863
5746	8008	0.079161
8960	4532	0.103118
6168	9390	-0.153549
4564	7237	0.093184
3518	7811	0.031565
7365	11499	-0.152981
6451	11558	-0.214855
7817	4247	0.096999
9813	8887	0.092450
7587	11261	0.148489
3686	5285	-0.229219
6276	8991	0.194030
6369	3741	0.076331
6301	6841	0.142530
9674	5446	0.036517
10354	6593	0.068172
7793	11309	0.047785
2775	7589	0.027533
7951	2864	0.162291
4857	10185	0.220049
6980	5697	0.086849
8527	9320	0.077201
9712	8305	0.170383
6587	2357	-0.097763
6867	2298	0.031207
9233	5715	0.159899
2931	8274	-0.040932
6404	2577	-0.049816
9954	8407	0.204406
4794	10064	-0.035363
11134	6647	-0.049561
11585	7219	-0.110485
4877	5528	0.089456
10438	5667	0.292175
11024	7079	0.150100
7154	2839	0.004656
4027	6238	-0.170821
7924	10027	0.049244
4862	6096	-0.029151
10327	5694	-0.014206
9247	5631	-0.039060
3025	8971	-0.037777
4603	9176	-0.121052
9066	10165	-0.161001
5478	4190	0.086927
7417	2692	0.040840
3398	7402	0.239944
5942	6055	0.150290
7430	7928	-0.024250
9854	4877	0.232883
5673	9822	-0.134963
7671	7460	0.028559
9248	6352	0.058028
6787	10286	0.120324
3437	7590	0.192295
10081	6203	0.226423
5678	5920	-0.123491
5811	2016	-0.206407
6682	11688	-0.068387
5442	11544	0.266468
6344	10183	-0.031805
6897	11254	0.075344
9070	8158	0.067213
6380	10473	-0.072247
6690	7385	-0.008552
7008	3989	0.081190
9794	6156	0.348649
5623	5717	-0.016706
6019	1984	0.124089
9015	7053	0.101785
9932	7345	0.124713
5858	9471	0.064928
2793	7247	-0.042143
9163	5085	-0.010006
3081	5673	-0.014186
9550	8389	-0.028963
4445	10494	0.113745
4105	4897	0.308810
9079	4313	0.118752
6138	8986	0.298912
3656	4492	0.001423
9834	8656	0.033710
3954	4912	-0.284680
5983	8180	0.083593
8466	5051	0.089985
4858	8339	0.085175
5169	3271	-0.089537
5130	7424	-0.238781
10526	6835	0.225867
5193	3599	0.294049
10922	7898	0.112864
5546	4885	0.139540
9389	5367	-0.070508
6065	5457	0.226061
4515	9073	-0.171452
3439	5338	0.042161
6346	2171	-0.092056
6235	5424	0.086565
5942	10696	0.102070
10171	5161	0.181241
4932	9854	0.084255
6107	11703	-0.106404
5117	5690	-0.035979
2935	6780	0.022357
9783	6560	0.262777
4486	5183	-0.093245
10568	5505	0.007951
4634	4840	0.030148
6474	10037	0.171961
7697	8786	-0.043840
7480	3999	-0.020789
2718	7859	0.189803
3983	5145	-0.079866
3767	7256	0.187790
6431	2490	0.191676
3603	6472	-0.064112
8726	5260	0.213775
5624	4057	-0.000067
9230	4777	0.139610
4169	6943	0.116692
8380	5566	0.040146
8540	4637	0.153899
3936	7674	0.019771
5003	10863	0.147684
6441	4779	0.230145
6326	4618	0.077105
7304	8051	0.211035
3124	8543	0.159119
8455	5203	0.083014
6020	4738	0.049129
3251	5748	0.187077
4275	9498	0.096058
7655	4073	0.031449
5200	3759	0.168912
6921	2257	0.132871
5662	8448	-0.019950
3307	5541	0.117950
4913	8111	0.203645
9619	8731	0.186229
7273	5185	0.171369
4592	9193	0.475455
5910	6347	-0.076788
5503	6623	0.203653
9565	9052	0.071476
5995	11166	-0.013539
10175	6527	-0.232868
3593	5212	-0.137733
9576	5158	0.093797
8733	10318	0.085038
4824	8326	0.067140
4881	6757	0.422486
6333	7166	0.205270
6559	4076	0.067633
10073	7077	0.137590
7567	4207	0.321232
7917	10758	0.060740
6084	10524	-0.198758
6015	4511	-0.045469
5315	6922	0.209208
7879	10544	0.363307
6271	10930	-0.179923
2572	8376	-0.068476
5230	9101	0.264310
6809	11362	0.235083
5614	9353	0.289353
9727	6239	-0.099406
9380	4674	-0.221518
6621	8299	-0.127038
4197	5583	0.119969
8561	3997	-0.013795
8507	10149	0.266531
5891	4849	0.187952
8076	10231	0.429780
4925	8594	0.113219
8354	4569	-0.095064
3821	7780	0.102808
4576	5866	0.150195
5477	4432	-0.165539
5350	5979	-0.121955
8367	5464	0.092026
5658	4064	0.165830
9259	5128	0.108924
9208	6270	0.005503
6082	5519	0.050071
8401	4913	0.151741
5002	4064	0.052685
9688	5064	-0.064666
3333	7765	-0.174383
6910	4153	0.153052
5184	4424	0.061728
8408	3259	-0.050809
5966	2583	0.045100
5619	2248	0.281030
6307	4274	-0.140227
3970	6339	-0.039077
7530	7474	-0.051010
8098	7800	-0.001962
7976	7630	0.130001
7855	3975	-0.156318
3482	5559	0.098489
7081	9702	-0.029274
5289	6130	0.188618
6733	3407	-0.179576
10462	6348	0.114079
9043	9170	0.323100
5011	7475	0.025588
7587	7557	0.209407
2090	7737	0.083623
8082	5297	0.117915
3189	8524	0.167800
8117	5064	0.036036
7732	3815	0.136626
6625	10060	0.179208
4575	8222	0.074972
7448	6515	-0.053083
6818	9794	0.068524
2930	6637	0.029808
5404	4580	-0.011177
11582	7010	-0.058755
5814	8231	-0.155886
7294	7363	0.137897
6585	4922	0.235223
8080	6177	0.041723
8615	6716	-0.192582
8551	4038	0.101278
6641	11757	0.066894
5087	6469	-0.059317
9516	8537	0.041730
4922	5886	-0.019369
2533	7566	0.220823
6981	10805	0.201629
4890	6621	0.332140
4117	8550	0.082290
9541	4343	-0.063874
4046	10056	0.128049
7763	7371	-0.068796
7473	2577	-0.062520
6600	12050	0.036212
6103	6883	0.266960
7734	8118	-0.181434
3606	7443	0.008229
8202	10561	0.165681
7126	4953	0.224814
3782	9126	-0.183196
2147	8120	-0.051065
6302	11547	0.331750
9291	4533	0.177111
7684	3929	-0.142198
6087	10783	0.306561
11075	6865	0.125028
5406	8928	0.028612
5021	10529	-0.161322
10283	6646	0.255979
7033	10926	-0.073178
4650	5532	0.172739
8803	6279	0.341451
11227	5999	-0.006746
7380	7402	0.048466
5657	11121	-0.123411
5855	4861	0.021691
6315	1608	0.161519
5012	10198	0.011074
7030	9962	0.144743
6282	9160	0.651240
4303	5724	0.064986
6323	2735	-0.018068
7110	2854	0.005776
10848	7631	0.156754
7920	7606	0.025718
7881	8079	-0.059720
11879	6761	0.069421
9178	7304	-0.152054
5702	8034	-0.066386
6018	8100	0.127687
2440	6705	0.136534
6229	5017	0.168154
7809	6514	0.200422
10385	6031	-0.021030
6598	7324	-0.158154
7720	11140	0.248000
5419	2597	0.278731
10294	6663	0.052928
4112	9937	0.126644
5339	10483	0.022191
6015	7063	-0.150607
3816	4994	0.149562
1805	7337	0.189919
2261	6674	0.015886
5431	5538	-0.086295
6949	8631	-0.025162
5105	9749	-0.046730
8173	6731	0.031650
8916	4544	0.041296
8421	8165	-0.014852
10302	8265	0.017974
5580	3122	0.100551
6061	1963	-0.146796
7221	3136	0.177711
11932	6833	0.220326
3792	4230	0.237751
7453	11741	0.006341
6242	6396	0.084379
5338	3204	0.145660
4808	7402	0.125565
9397	4565	0.004057
7657	4978	0.117594
6606	10792	0.333964
5280	10886	0.120300
8210	5696	0.134235
10827	8055	-0.007223
10780	5657	-0.183445
5209	8578	-0.164812
3433	8980	0.101059
9087	4152	-0.116495
1755	7485	-0.079217
10634	6043	0.097514
8568	9405	0.224804
4464	10191	0.168734
10656	7035	-0.027631
5715	7370	0.125717
5754	6247	0.271909
10962	7084	0.032088
5239	3255	-0.018714
10610	6507	0.174031
5753	6703	-0.083172
4555	4486	-0.156378
8114	6372	0.033674
6460	12559	0.279679
7433	9546	0.371011
3257	8286	0.063277
3892	9535	0.185303
5196	5709	-0.054144
8248	9770	-0.361722
7518	5452	0.135897
3323	7201	0.151222
7224	2051	-0.131989
3989	7799	0.403358
10549	6694	0.045148
6795	1616	-0.069379
8983	7102	0.283915
7326	10091	0.125377
5718	9719	0.237524
10292	6396	-0.020774
9045	6528	0.089573
4468	9268	0.021077
2063	6453	0.269478
6296	2877	0.170438
6578	4042	0.069655
5177	4035	0.033651
6728	3274	-0.144485
6061	5611	0.179780
10278	7078	0.008270
5101	9291	0.096904
6725	11761	0.317987
7715	3796	-0.125249
11201	7149	-0.092088
3263	5858	0.006341
7265	8840	0.373069
8653	9000	0.104006
9107	5859	0.205621
3899	6211	0.031681
4527	8430	0.161060
5703	6299	-0.027101
8178	9335	-0.030749
4945	10158	0.045108
6272	7461	0.083663
7654	7359	-0.031535
7273	5915	0.206323
2048	7425	-0.135712
9165	6231	0.253229
7414	10465	-0.058688
2337	6330	-0.111389
9227	7728	0.155469
3445	9024	0.074780
6715	11753	0.210502
8237	9594	-0.201991
6783	8714	0.245762
5748	3574	-0.120157
6658	10779	0.027257
7128	9969	0.215535
5151	10167	0.058292
9473	4656	0.113387
10668	7286	0.004539
7346	4861	0.073819
8644	6832	0.163225
7499	8982	-0.046564
9661	6659	0.065568
7497	8617	0.140157
2919	7040	0.093606
9185	9629	-0.033884
5461	4336	0.095025
9039	8776	-0.008982
6147	9168	0.095756
7019	9789	0.125922
5442	3888	-0.027957
3234	7283	0.164069
6413	11620	0.032829
4982	10322	-0.083808
3271	9058	-0.007631
9039	9767	-0.066306
9212	9176	-0.050251
7697	10030	0.301676
3939	7471	0.472014
5028	8956	0.156682
3201	6780	-0.010950
4403	8634	0.223723
5443	9617	-0.012312
8835	7473	0.000580
8580	5513	-0.148501
5917	8696	0.149377
4863	3357	-0.135143
3294	7523	0.118246
5629	10226	0.023209
5830	5369	0.001484
4977	9877	0.157559
5819	5096	0.029930
9910	5065	-0.082863
4607	8002	-0.087328
3207	6939	-0.026214
5575	9947	-0.015048
8773	7536	0.046956
7216	5400	-0.116176
7462	8606	-0.123610
6982	7369	0.084716
1668	7688	0.112822
10404	6967	0.219975
3209	6973	-0.148425
10882	6704	0.127790
6701	1568	0.153679
7512	8868	-0.151813
8623	9886	0.160800
4003	9380	0.004081
5578	5505	-0.101198
3310	7064	0.556025
10356	5432	0.266639
5588	7199	0.139053
8012	5836	-0.057661
8340	8209	0.052013
5648	2641	0.229893
5723	7254	-0.006270
4306	7855	-0.020524
11036	5983	0.316510
5202	11077	-0.000518
2060	7655	0.061476
7588	3904	0.227979
3494	9143	-0.072964
6354	6547	0.143340
10271	5844	0.176315
6137	9766	0.005587
9146	6602	0.220548
6019	5345	0.127704
8497	8517	0.145310
4447	4916	-0.219407
